0.00111111,3
0.112222,2
0.278889,1
0.612222,2
0.778889,1
1.11222,0
1.19556,3
1.30667,2
1.47333,3
1.58444,2
1.75111,1
2.08444,0
2.25111,1
2.58444,0
2.75111,1
3.08444,2
3.25111,1
3.58444,0
3.75111,1
4.08444,0
4.25111,1
4.58444,0
4.69556,2
4.86222,1
5.19556,0
5.36222,1
5.69556,0
5.86222,1
6.19556,0
6.36222,3
6.47333,2
6.64,1
6.97333,2
7.14,1
7.47333,2
7.64,1
7.97333,0
8.14,3
8.25111,2
8.41778,1
8.75111,0
8.86222,2
9.02889,1
9.36222,0
9.52889,3
9.64,2
9.80667,1
10.14,0
10.3067,1
10.64,0
10.7511,2
10.9178,1
11.2511,2
11.4178,3
11.5289,2
11.6956,1
12.0289,2
12.1956,1
12.5289,2
12.6956,1
13.0289,0
13.1956,1
13.5289,0
13.6956,1
14.0289,2
14.1956,1
14.5289,2
14.6956,1
15.0289,2
15.1956,1
15.5289,0
15.6956,1
16.0289,2
16.1956,1
16.5289,0
16.5567,11
16.587,10
16.6203,9
16.6573,8
16.699,7
16.7466,6
16.8022,5
16.8688,4
16.9522,3
17.0633,2
17.23,1
17.5633,0
17.6188,5
17.6855,4
17.7688,3
17.88,2
18.0466,1
18.38,2
18.5466,1
18.88,0
18.9911,2
19.1577,1
19.4911,0
19.6577,1
19.9911,2
20.1577,1
20.4911,0
20.6577,1
20.9911,0
21.1022,2
21.2688,3
21.38,2
21.5466,1
21.88,0
22.0466,1
22.38,0
22.5466,1
22.88,0
23.0466,1
23.38,0
23.5466,1
23.88,0
23.9633,3
24.0744,2
24.2411,1
24.5744,2
24.7411,1
25.0744,0
25.1855,4
25.2688,3
25.38,2
25.5466,1
25.88,2
26.0466,1
26.38,0
26.4008,15
26.423,14
26.4468,13
26.4725,12
26.5002,11
26.5305,10
26.5639,9
26.6009,8
26.6426,7
26.6902,6
26.7458,5
26.8124,4
26.8958,3
27.0069,2
27.1735,1
27.5069,0
27.6735,1
28.0069,0
28.118,2
28.2846,1
28.618,2
28.7846,1
29.118,0
29.1656,6
29.2212,5
29.2878,4
29.3712,3
29.4823,2
29.6489,3
29.76,2
29.9267,1
30.26,2
30.4267,1
30.76,0
30.9267,1
31.26,0
31.3712,2
31.5378,1
31.8712,0
32.0378,1
32.3712,0
32.5378,1
32.8712,0
33.0378,1
33.3712,2
33.5378,1
33.8712,0
34.0378,1
34.3712,0
34.5378,1
34.8712,0
35.0378,3
35.1489,2
35.3156,1
35.6489,0
35.8156,3
35.9267,2
36.0934,1
36.4267,0
36.51,3
36.6212,2
36.7878,1
37.1212,0
37.1378,19
37.1554,18
37.1739,17
37.1935,16
37.2143,15
37.2365,14
37.2604,13
37.286,12
37.3138,11
37.3441,10
37.3774,9
37.4144,8
37.4561,7
37.5037,6
37.5593,5
37.626,4
37.7093,3
37.8204,4
37.9037,3
38.0148,2
38.1815,1
38.5148,0
38.5982,3
38.7093,2
38.876,3
38.9871,2
39.1537,1
39.4871,0
39.6537,3
39.7648,2
39.9315,1
40.2648,0
40.4315,1
40.7648,0
40.8482,3
40.9593,2
41.126,1
41.4593,2
41.626,1
41.9593,0
42.126,1
42.4593,2
42.626,1
42.9593,0
43.126,1
43.4593,0
43.626,1
43.9593,0
44.0704,2
44.2371,1
44.5704,0
44.7371,1
45.0704,0
45.2371,1
45.5704,0
45.7371,1
46.0704,0
46.2371,1
46.5704,2
46.7371,1
47.0704,0
47.2371,1
47.5704,0
47.7371,1
48.0704,0
48.126,5
48.1926,4
48.276,3
48.3871,2
48.5537,3
48.6648,2
48.8315,1
49.1648,0
49.3315,3
49.4426,2
49.6093,1
49.9426,0
50.1093,1
50.4426,2
50.6093,1
50.9426,0
51.1093,1
51.4426,0
51.6093,1
51.9426,2
52.1093,1
52.4426,0
52.6093,1
52.9426,0
52.9902,6
53.0458,5
53.1125,4
53.1958,3
53.3069,2
53.4736,1
53.8069,2
53.9736,1
54.3069,0
54.4736,1
54.8069,0
54.9736,1
55.3069,2
55.4736,3
55.5847,2
55.7514,3
55.8625,2
56.0291,1
56.3625,0
56.5291,1
56.8625,2
57.0291,1
57.3625,2
57.5291,1
57.8625,0
57.9736,2
58.1402,3
58.2514,2
58.418,1
58.7514,0
58.8347,3
58.9458,2
59.1125,1
59.4458,0
59.6125,3
59.7236,2
59.8902,3
60.0014,2
60.168,1
60.5014,0
60.6125,2
60.7791,1
61.1125,0
61.2791,1
61.6125,2
61.7791,3
61.8902,2
62.0569,1
62.3902,0
62.5569,3
62.668,2
62.8347,1
63.168,2
63.3347,3
63.4458,2
63.6125,1
63.9458,2
64.1125,1
64.4458,0
64.6125,3
64.7236,2
64.8902,1
65.2236,2
65.3902,1
65.7236,0
65.8347,2
66.0014,3
66.1125,2
66.2791,3
66.3902,2
66.5569,1
66.8902,0
66.9736,3
67.0847,2
67.2514,1
67.5847,0
67.7514,3
67.8625,2
68.0291,1
68.3625,2
68.5291,3
68.6402,4
68.7236,3
68.8347,2
69.0014,1
69.3347,0
69.5014,1
69.8347,2
70.0014,1
70.3347,0
70.5014,1
70.8347,0
71.0014,1
71.3347,0
71.3569,14
71.3807,13
71.4064,12
71.4341,11
71.4644,10
71.4978,9
71.5348,8
71.5765,7
71.6241,6
71.6797,5
71.7463,4
71.8297,3
71.9408,2
72.1074,1
72.4408,0
72.6074,3
72.7185,2
72.8852,3
72.9963,4
73.0797,3
73.1908,4
73.2741,3
73.3852,2
73.5519,1
73.8852,2
74.0519,1
74.3852,2
74.5519,1
74.8852,0
75.0519,1
75.3852,0
75.5519,1
75.8852,0
76.0519,1
76.3852,2
76.5519,1
76.8852,0
77.0519,1
77.3852,2
77.5519,1
77.8852,2
78.0519,3
78.163,2
78.3297,1
78.663,0
78.6769,23
78.6914,22
78.7065,21
78.7224,20
78.7391,19
78.7566,18
78.7751,17
78.7947,16
78.8156,15
78.8378,14
78.8616,13
78.8872,12
78.915,11
78.9453,10
78.9786,9
79.0157,8
79.0574,7
79.105,6
79.1605,5
79.2272,6
79.2827,5
79.3494,4
79.4327,3
79.5439,2
79.7105,1
80.0439,2
80.2105,3
80.3216,2
80.4883,1
80.8216,2
80.9883,1
81.3216,0
81.4883,1
81.8216,0
81.9883,1
82.3216,0
82.4883,1
82.8216,2
82.9883,1
83.3216,0
83.4883,1
83.8216,0
83.9883,1
84.3216,0
84.4883,1
84.8216,2
84.9883,1
85.3216,2
85.4883,1
85.8216,2
85.9883,1
86.3216,0
86.4883,3
86.5994,2
86.7661,1
87.0994,2
87.2661,1
87.5994,0
87.7661,1
88.0994,2
88.2661,1
88.5994,0
88.7661,1
89.0994,2
89.2661,3
89.3772,2
89.5439,1
89.8772,2
90.0439,1
90.3772,0
90.4189,7
90.4665,6
90.522,5
90.5887,4
90.672,3
90.7831,2
90.9498,1
91.2831,0
91.4498,1
91.7831,2
91.9498,1
92.2831,0
92.4498,3
92.5609,2
92.7276,1
93.0609,0
93.2276,1
93.5609,2
93.7276,1
94.0609,0
94.2276,1
94.5609,0
94.7276,1
95.0609,0
95.2276,1
95.5609,2
95.7276,1
96.0609,2
96.2276,1
96.5609,0
96.7276,1
97.0609,0
97.2276,1
97.5609,2
97.7276,3
97.8387,2
98.0054,1
98.3387,0
98.3554,19
98.3729,18
98.3914,17
98.411,16
98.4319,15
98.4541,14
98.4779,13
98.5035,12
98.5313,11
98.5616,10
98.595,9
98.632,8
98.6737,7
98.7213,6
98.7768,5
98.8435,4
98.9268,3
99.0379,2
99.2046,1
99.5379,2
99.7046,3
99.8157,2
99.9824,1
100.316,0
100.371,5
100.438,4
100.521,3
100.632,2
100.799,1
101.132,2
101.299,1
101.632,2
101.799,1
102.132,0
102.299,3
102.41,2
102.577,1
102.91,2
103.077,3
103.188,2
103.355,1
103.688,0
103.799,2
103.966,1
104.299,0
104.32,15
104.342,14
104.366,13
104.392,12
104.419,11
104.45,10
104.483,9
104.52,8
104.562,7
104.609,6
104.665,5
104.732,6
104.787,5
104.854,4
104.937,3
105.048,2
105.215,1
105.548,0
105.615,4
105.698,3
105.809,2
105.976,1
106.309,0
106.42,2
106.587,1
106.92,0
106.957,8
106.999,7
107.047,6
107.102,5
107.169,4
107.252,3
107.363,2
107.53,3
107.641,2
107.808,1
108.141,0
108.308,1
108.641,0
108.808,1
109.141,0
109.308,1
109.641,0
109.808,1
110.141,0
110.308,1
110.641,0
110.671,10
110.705,9
110.742,8
110.784,9
110.821,8
110.862,7
110.91,6
110.965,5
111.032,4
111.115,3
111.227,4
111.31,3
111.421,2
111.588,1
111.921,0
112.088,1
112.421,0
112.532,2
112.699,1
113.032,2
113.199,1
113.532,2
113.699,1
114.032,0
114.199,3
114.31,2
114.477,3
114.588,2
114.754,1
115.088,2
115.254,3
115.365,2
115.532,1
115.865,2
116.032,1
116.365,2
116.532,1
116.865,0
117.032,1
117.365,0
117.432,4
117.515,3
117.627,2
117.793,1
118.127,0
118.238,2
118.404,1
118.738,2
118.904,1
119.238,0
119.404,1
119.738,2
119.904,1
120.238,0
120.404,1
120.738,0
120.904,1
121.238,0
121.271,9
121.308,8
121.35,7
121.397,6
121.453,5
121.519,6
121.575,5
121.642,4
121.725,3
121.836,2
122.003,1
122.336,2
122.503,1
122.836,0
123.003,3
123.114,2
123.281,1
123.614,2
123.781,3
123.892,2
124.058,1
124.392,0
124.558,3
124.669,2
124.836,1
125.169,2
125.336,1
125.669,0
125.703,9
125.74,8
125.782,7
125.829,6
125.885,5
125.951,4
126.035,5
126.101,4
126.185,3
126.296,2
126.462,1
126.796,0
126.962,1
127.296,0
127.462,1
127.796,0
127.962,1
128.296,0
128.351,5
128.418,4
128.501,3
128.612,2
128.779,1
129.112,0
129.279,1
129.612,2
129.779,1
130.112,2
130.279,3
130.39,4
130.474,3
130.585,4
130.668,3
130.779,2
130.946,1
131.279,2
131.446,1
131.779,0
131.89,2
132.057,1
132.39,0
132.438,6
132.493,5
132.56,4
132.643,3
132.755,2
132.921,1
133.255,0
133.421,3
133.532,2
133.699,1
134.032,2
134.199,1
134.532,0
134.643,2
134.81,1
135.143,0
135.255,2
135.421,1
135.755,2
135.921,1
136.255,2
136.421,1
136.755,0
136.921,3
137.032,2
137.199,1
137.532,2
137.699,1
138.032,2
138.199,1
138.532,2
138.699,1
139.032,0
139.199,1
139.532,2
139.699,3
139.81,2
139.977,1
140.31,2
140.477,1
140.81,0
140.977,1
141.31,0
141.477,3
141.588,4
141.671,3
141.782,2
141.949,1
142.282,0
142.449,1
142.782,0
142.949,1
143.282,2
143.449,1
143.782,2
143.949,1
144.282,0
144.449,1
144.782,0
144.949,1
145.282,0
145.366,3
145.477,2
145.643,1
145.977,2
146.143,3
146.255,2
146.421,1
146.755,0
146.921,3
147.032,2
147.199,3
147.31,2
147.477,1
147.81,0
147.977,1
148.31,0
148.421,4
148.505,3
148.616,2
148.782,1
149.116,2
149.282,1
149.616,2
149.782,1
150.116,2
150.282,3
150.393,2
150.56,1
150.893,2
151.06,1
151.393,2
151.56,1
151.893,0
152.005,2
152.171,1
152.505,0
152.671,1
153.005,0
153.171,1
153.505,0
153.546,9
153.583,8
153.625,7
153.673,6
153.728,5
153.795,4
153.878,3
153.989,4
154.073,3
154.184,2
154.35,1
154.684,2
154.85,3
154.961,2
155.128,1
155.461,0
155.628,1
155.961,0
156.128,1
156.461,0
156.628,3
156.739,2
156.906,1
157.239,0
157.35,2
157.517,1
157.85,0
158.017,1
158.35,0
158.517,1
158.85,0
158.961,2
159.128,3
159.239,2
159.406,1
159.739,0
159.906,1
160.239,0
160.256,19
160.273,18
160.292,17
160.312,16
160.332,15
160.355,14
160.378,13
160.404,12
160.432,11
160.462,10
160.495,9
160.533,8
160.574,7
160.622,6
160.677,5
160.744,4
160.827,3
160.938,2
161.105,1
161.438,0
161.605,1
161.938,0
162.022,3
162.133,2
162.3,1
162.633,0
162.8,1
163.133,0
163.244,2
163.411,3
163.522,2
163.688,1
164.022,0
164.077,5
164.144,4
164.227,3
164.338,2
164.505,3
164.616,2
164.783,1
165.116,2
165.283,1
165.616,0
165.783,1
166.116,2
166.283,1
166.616,0
166.783,1
167.116,0
167.283,1
167.616,0
167.783,1
168.116,0
168.283,1
168.616,0
168.63,24
168.643,23
168.658,22
168.673,21
168.689,20
168.706,19
168.723,18
168.742,17
168.761,16
168.782,15
168.804,14
168.828,13
168.854,12
168.882,11
168.912,10
168.945,9
168.982,8
169.024,7
169.072,6
169.127,5
169.194,4
169.277,3
169.388,2
169.555,3
169.666,2
169.833,1
170.166,0
170.333,1
170.666,0
170.833,1
171.166,2
171.333,1
171.666,0
171.733,4
171.816,3
171.927,2
172.094,1
172.427,2
172.594,1
172.927,0
173.094,1
173.427,0
173.594,1
173.927,0
174.038,4
174.122,3
174.233,2
174.399,3
174.51,2
174.677,3
174.788,2
174.955,1
175.288,0
175.455,1
175.788,2
175.955,1
176.288,0
176.455,3
176.566,2
176.733,3
176.844,2
177.01,1
177.344,0
177.51,1
177.844,2
178.01,1
178.344,0
178.385,7
178.433,6
178.489,5
178.555,4
178.639,3
178.75,2
178.916,1
179.25,0
179.416,1
179.75,0
179.861,2
180.028,1
180.361,2
180.528,3
180.639,2
180.805,1
181.139,0
181.161,14
181.185,13
181.21,12
181.238,11
181.268,10
181.302,9
181.339,8
181.38,7
181.428,6
181.484,5
181.55,4
181.634,3
181.745,2
181.911,3
182.022,2
182.189,1
182.522,2
182.689,1
183.022,0
183.189,1
183.522,0
183.606,3
183.717,2
183.884,1
184.217,2
184.384,1
184.717,0
184.884,1
185.217,2
185.384,1
185.717,0
185.884,1
186.217,0
186.265,6
186.32,5
186.387,4
186.47,3
186.581,2
186.748,1
187.081,0
187.248,1
187.581,0
187.748,1
188.081,0
188.165,3
188.276,2
188.442,1
188.776,2
188.942,1
189.276,2
189.442,1
189.776,0
189.942,1
190.276,0
190.442,1
190.776,2
190.942,3
191.053,2
191.22,1
191.553,0
191.72,1
192.053,0
192.165,4
192.248,3
192.359,2
192.526,1
192.859,2
193.026,1
193.359,0
193.526,3
193.637,4
193.72,3
193.831,2
193.998,1
194.331,0
194.442,2
194.609,1
194.942,0
195.053,2
195.22,1
195.553,0
195.72,1
196.053,0
196.22,1
196.553,0
196.72,1
197.053,0
197.095,7
197.143,6
197.198,5
197.265,4
197.348,5
197.415,4
197.498,3
197.609,2
197.776,1
198.109,2
198.276,1
198.609,2
198.776,1
199.109,0
199.276,1
199.609,2
199.776,1
200.109,0
200.276,1
200.609,0
200.776,1
201.109,2
201.276,1
201.609,2
201.776,1
202.109,0
202.276,3
202.387,2
202.554,1
202.887,2
203.054,1
203.387,0
203.554,1
203.887,2
204.054,1
204.387,0
204.554,1
204.887,0
204.998,2
205.165,1
205.498,0
205.565,4
205.648,3
205.759,2
205.926,1
206.259,2
206.426,1
206.759,2
206.926,1
207.259,0
207.426,1
207.759,0
207.87,2
208.037,1
208.37,0
208.537,1
208.87,0
208.982,2
209.148,1
209.482,0
209.648,1
209.982,0
209.994,26
210.007,25
210.02,24
210.034,23
210.048,22
210.064,21
210.08,20
210.096,19
210.114,18
210.132,17
210.152,16
210.173,15
210.195,14
210.219,13
210.244,12
210.272,11
210.302,10
210.336,9
210.373,8
210.414,7
210.462,6
210.518,5
210.584,4
210.668,3
210.779,2
210.945,1
211.279,0
211.39,2
211.557,1
211.89,0
212.057,1
212.39,2
212.557,1
212.89,2
213.057,1
213.39,0
213.501,2
213.668,1
214.001,0
214.112,2
214.279,1
214.612,2
214.779,3
214.89,2
215.057,1
215.39,2
215.557,1
215.89,0
216.057,3
216.168,2
216.334,3
216.445,2
216.612,1
216.945,0
217.112,1
217.445,2
217.612,1
217.945,0
218.112,3
218.223,2
218.39,1
218.723,2
218.89,3
219.001,2
219.168,1
219.501,0
219.668,1
220.001,0
220.168,1
220.501,0
220.612,2
220.779,1
221.112,0
221.223,2
221.39,1
221.723,2
221.89,1
222.223,2
222.39,1
222.723,0
222.89,1
223.223,0
223.39,1
223.723,0
223.834,2
224.001,1
224.334,0
224.501,1
224.834,0
225.001,1
225.334,0
225.501,3
225.612,2
225.779,1
226.112,2
226.279,1
226.612,0
226.633,15
226.655,14
226.679,13
226.705,12
226.732,11
226.763,10
226.796,9
226.833,8
226.875,7
226.922,6
226.978,5
227.045,4
227.128,5
227.195,4
227.278,3
227.389,2
227.556,1
227.889,2
228.056,1
228.389,0
228.397,41
228.405,40
228.413,39
228.422,38
228.431,37
228.44,36
228.449,35
228.459,34
228.468,33
228.478,32
228.489,31
228.5,30
228.511,29
228.522,28
228.534,27
228.546,26
228.559,25
228.573,24
228.586,23
228.601,22
228.616,21
228.632,22
228.647,21
228.663,20
228.68,19
228.697,18
228.716,17
228.735,16
228.756,15
228.778,14
228.802,13
228.828,12
228.856,11
228.886,10
228.919,9
228.956,8
228.998,7
229.046,6
229.101,5
229.168,4
229.251,3
229.362,2
229.529,1
229.862,0
230.029,3
230.14,2
230.307,3
230.418,2
230.584,1
230.918,0
231.029,2
231.196,3
231.307,2
231.473,1
231.807,0
231.873,4
231.957,3
232.068,2
232.234,1
232.568,2
232.734,1
233.068,0
233.101,9
233.138,8
233.18,7
233.227,6
233.283,5
233.35,4
233.433,3
233.544,2
233.711,1
234.044,0
234.211,1
234.544,2
234.711,1
235.044,0
235.211,3
235.322,2
235.489,1
235.822,0
235.989,1
236.322,2
236.489,1
236.822,0
236.989,1
237.322,0
237.489,1
237.822,2
237.989,1
238.322,0
238.433,4
238.516,3
238.627,2
238.794,1
239.127,0
239.294,1
239.627,0
239.794,1
240.127,0
240.294,1
240.627,2
240.794,3
240.905,2
241.072,1
241.405,2
241.572,1
241.905,0
242.072,3
242.183,2
242.35,1
242.683,0
242.794,2
242.961,3
243.072,2
243.239,1
243.572,2
243.739,1
244.072,0
244.239,1
244.572,0
244.739,1
245.072,2
245.239,3
245.35,4
245.433,3
245.544,4
245.627,3
245.739,2
245.905,1
246.239,0
246.405,1
246.739,2
246.905,1
247.239,0
247.405,1
247.739,0
247.905,1
248.239,0
248.294,5
248.361,4
248.444,3
248.555,4
248.639,3
248.75,2
248.916,1
249.25,0
249.316,4
249.4,3
249.511,2
249.677,1
250.011,2
250.177,1
250.511,0
250.677,1
251.011,0
251.177,3
251.289,2
251.455,1
251.789,2
251.955,1
252.289,2
252.455,1
252.789,0
252.9,2
253.066,1
253.4,0
253.566,1
253.9,0
254.066,1
254.4,0
254.566,1
254.9,0
255.066,3
255.177,2
255.344,1
255.677,0
255.844,1
256.177,0
256.344,1
256.677,0
256.789,2
256.955,1
257.289,2
257.455,1
257.789,0
257.872,3
257.983,2
258.15,1
258.483,0
258.594,2
258.761,1
259.094,2
259.261,1
259.594,0
259.761,1
260.094,0
260.261,3
260.372,4
260.455,3
260.566,2
260.733,3
260.844,2
261.011,1
261.344,0
261.511,1
261.844,0
261.955,2
262.122,1
262.455,2
262.622,1
262.955,0
263.122,1
263.455,0
263.622,1
263.955,2
264.122,1
264.455,0
264.622,1
264.955,0
265.122,1
265.455,0
265.474,17
265.493,16
265.514,15
265.536,14
265.56,13
265.586,12
265.614,11
265.644,10
265.677,9
265.714,8
265.756,7
265.804,6
265.859,5
265.926,4
266.009,3
266.12,2
266.287,1
266.62,0
266.731,2
266.898,3
267.009,2
267.176,3
267.287,2
267.454,1
267.787,0
267.954,1
268.287,0
268.454,1
268.787,2
268.954,3
269.065,2
269.231,1
269.565,2
269.731,1
270.065,0
270.176,2
270.343,3
270.454,2
270.62,1
270.954,0
271.12,1
271.454,2
271.62,1
271.954,2
272.12,1
272.454,0
272.509,5
272.576,4
272.659,3
272.77,2
272.937,1
273.27,2
273.437,1
273.77,0
273.937,1
274.27,2
274.437,3
274.548,2
274.715,1
275.048,2
275.215,1
275.548,0
275.715,1
276.048,0
276.131,3
276.243,2
276.409,1
276.743,0
276.909,3
277.02,2
277.187,1
277.52,2
277.687,3
277.798,2
277.965,1
278.298,0
278.465,1
278.798,2
278.965,1
279.298,2
279.465,3
279.576,2
279.743,1
280.076,0
280.243,1
280.576,0
280.643,4
280.726,3
280.837,2
281.004,3
281.115,2
281.281,1
281.615,0
281.726,2
281.893,1
282.226,2
282.393,1
282.726,2
282.893,1
283.226,0
283.393,1
283.726,2
283.893,1
284.226,2
284.393,1
284.726,2
284.893,3
285.004,2
285.17,3
285.281,4
285.365,3
285.476,4
285.559,3
285.67,2
285.837,1
286.17,0
286.337,1
286.67,0
286.837,1
287.17,0
287.281,2
287.448,1
287.781,0
287.805,13
287.831,14
287.855,13
287.88,12
287.908,11
287.938,10
287.972,9
288.009,8
288.05,7
288.098,6
288.154,5
288.22,4
288.304,3
288.415,2
288.581,1
288.915,2
289.081,1
289.415,2
289.581,1
289.915,0
290.081,1
290.415,0
290.526,4
290.609,3
290.72,2
290.887,1
291.22,0
291.387,1
291.72,2
291.887,1
292.22,0
292.331,2
292.498,1
292.831,0
292.942,4
293.026,3
293.137,2
293.304,1
293.637,2
293.804,1
294.137,2
294.304,1
294.637,2
294.804,3
294.915,2
295.081,1
295.415,2
295.581,3
295.692,2
295.859,1
296.192,2
296.359,1
296.692,0
296.859,1
297.192,0
297.359,1
297.692,0
297.859,1
298.192,0
298.359,1
298.692,2
298.859,1
299.192,0
299.359,1
299.692,0
299.859,1
300.192,0
300.359,1
300.692,0
300.776,3
300.887,2
301.054,1
301.387,0
301.554,1
301.887,2
302.054,1
302.387,0
302.554,1
302.887,0
303.054,1
303.387,0
303.498,2
303.665,3
303.776,2
303.942,1
304.276,2
304.442,1
304.776,0
304.942,1
305.276,0
305.442,1
305.776,2
305.942,1
306.276,0
306.442,1
306.776,0
306.942,1
307.276,2
307.442,1
307.776,0
307.942,1
308.276,0
308.359,3
308.47,2
308.637,1
308.97,0
309.037,4
309.12,3
309.231,2
309.398,1
309.731,0
309.898,1
310.231,0
310.398,1
310.731,0
310.898,1
311.231,0
311.315,5
311.381,4
311.465,3
311.576,2
311.742,1
312.076,0
312.142,4
312.226,3
312.337,2
312.504,1
312.837,2
313.004,1
313.337,0
313.504,1
313.837,0
314.004,1
314.337,0
314.504,1
314.837,0
315.004,1
315.337,0
315.504,1
315.837,2
316.004,1
316.337,2
316.504,1
316.837,0
317.004,1
317.337,0
317.448,2
317.615,1
317.948,2
318.115,1
318.448,0
318.615,1
318.948,0
319.115,3
319.226,2
319.392,1
319.726,2
319.892,1
320.226,0
320.309,3
320.42,2
320.587,1
320.92,0
321.087,1
321.42,0
321.587,1
321.92,2
322.087,1
322.42,0
322.531,2
322.698,1
323.031,0
323.115,3
323.226,2
323.392,3
323.504,2
323.67,1
324.004,0
324.17,1
324.504,0
324.587,3
324.698,2
324.865,3
324.976,2
325.142,1
325.476,0
325.509,9
325.546,8
325.588,9
325.625,8
325.667,7
325.714,6
325.77,5
325.836,4
325.92,3
326.031,2
326.198,1
326.531,0
326.698,1
327.031,0
327.198,1
327.531,0
327.698,1
328.031,0
328.142,2
328.309,1
328.642,2
328.809,1
329.142,2
329.309,1
329.642,0
329.753,2
329.92,1
330.253,0
330.42,1
330.753,0
330.836,3
330.948,2
331.114,1
331.448,0
331.559,2
331.725,3
331.836,2
332.003,1
332.336,0
332.503,3
332.614,4
332.698,3
332.809,4
332.892,3
333.003,2
333.17,1
333.503,2
333.67,1
334.003,0
334.17,1
334.503,0
334.67,3
334.781,2
334.948,1
335.281,2
335.448,1
335.781,0
335.848,4
335.931,3
336.042,2
336.209,1
336.542,0
336.709,1
337.042,0
337.209,1
337.542,0
337.609,4
337.692,5
337.759,4
337.842,5
337.909,4
337.992,3
338.103,4
338.186,3
338.298,2
338.464,1
338.798,0
338.864,4
338.948,3
339.059,4
339.142,3
339.253,2
339.42,1
339.753,0
339.92,1
340.253,0
340.42,1
340.753,0
340.836,3
340.948,2
341.114,1
341.448,0
341.559,2
341.725,1
342.059,0
342.225,1
342.559,0
342.725,1
343.059,0
343.225,1
343.559,0
343.725,1
344.059,0
344.073,22
344.088,21
344.104,20
344.121,19
344.138,18
344.157,17
344.176,16
344.197,15
344.22,14
344.243,13
344.269,12
344.297,11
344.327,10
344.36,9
344.397,8
344.439,7
344.487,6
344.542,5
344.609,4
344.692,3
344.803,2
344.97,1
345.303,0
345.414,2
345.581,1
345.914,0
345.962,6
346.018,5
346.084,4
346.168,3
346.279,2
346.445,3
346.557,2
346.723,1
347.057,2
347.223,1
347.557,0
347.571,22
347.586,21
347.602,20
347.619,19
347.636,18
347.655,17
347.674,16
347.695,15
347.717,14
347.741,13
347.767,12
347.795,11
347.825,10
347.858,9
347.895,8
347.937,7
347.985,6
348.04,5
348.107,4
348.19,3
348.301,2
348.468,1
348.801,0
348.968,1
349.301,0
349.468,3
349.579,2
349.746,1
350.079,0
350.116,8
350.158,7
350.205,8
350.247,7
350.295,6
350.35,5
350.417,4
350.5,3
350.611,2
350.778,3
350.889,2
351.056,3
351.167,2
351.334,1
351.667,0
351.834,1
352.167,0
352.334,3
352.445,2
352.611,1
352.945,0
353.111,1
353.445,0
353.611,3
353.722,2
353.889,1
354.222,0
354.306,3
354.417,2
354.584,1
354.917,0
355,3
355.111,2
355.278,1
355.611,0
355.695,5
355.761,4
355.845,3
355.956,2
356.122,1
356.456,2
356.622,1
356.956,0
357.122,1
357.456,2
357.622,1
357.956,2
358.122,1
358.456,0
358.622,1
358.956,0
359.003,6
359.059,5
359.126,4
359.209,3
359.32,2
359.487,1
359.82,2
359.987,1
360.32,2
360.487,3
360.598,2
360.765,1
361.098,2
361.265,1
361.598,0
361.765,1
362.098,2
362.265,1
362.598,2
362.765,1
363.098,2
363.265,1
363.598,0
363.765,1
364.098,0
364.265,3
364.376,2
364.542,1
364.876,0
364.987,2
365.153,1
365.487,0
365.598,4
365.681,3
365.792,2
365.959,3
366.07,2
366.237,3
366.348,2
366.515,1
366.848,0
367.015,1
367.348,0
367.515,1
367.848,2
368.015,1
368.348,0
368.459,2
368.626,1
368.959,2
369.126,1
369.459,0
369.626,3
369.737,2
369.903,1
370.237,0
370.403,1
370.737,2
370.903,1
371.237,0
371.403,1
371.737,0
371.903,1
372.237,2
372.403,1
372.737,2
372.903,1
373.237,0
373.303,4
373.387,5
373.453,4
373.537,3
373.648,2
373.815,1
374.148,2
374.315,1
374.648,0
374.815,1
375.148,0
375.259,2
375.426,1
375.759,2
375.926,1
376.259,2
376.426,1
376.759,0
376.826,4
376.909,3
377.02,2
377.187,1
377.52,2
377.687,1
378.02,0
378.187,3
378.298,2
378.465,1
378.798,0
378.965,1
379.298,0
379.381,3
379.492,2
379.659,1
379.992,0
380.103,2
380.27,1
380.603,0
380.77,3
380.881,2
381.048,1
381.381,0
381.548,1
381.881,2
382.048,1
382.381,2
382.548,1
382.881,0
383.048,1
383.381,0
383.492,2
383.659,1
383.992,2
384.159,1
384.492,0
384.659,3
384.77,2
384.937,1
385.27,0
385.381,2
385.548,1
385.881,0
386.048,1
386.381,0
386.548,1
386.881,2
387.048,1
387.381,0
387.548,1
387.881,0
388.048,1
388.381,0
388.548,1
388.881,0
388.992,2
389.159,1
389.492,0
389.659,1
389.992,2
390.159,1
390.492,0
390.659,1
390.992,0
391.159,1
391.492,0
391.659,3
391.77,2
391.937,1
392.27,0
392.437,1
392.77,0
392.937,1
393.27,0
393.437,3
393.548,4
393.631,3
393.742,2
393.909,3
394.02,2
394.187,1
394.52,0
394.687,1
395.02,0
395.187,3
395.298,2
395.465,1
395.798,0
395.965,1
396.298,2
396.465,1
396.798,0
396.909,2
397.076,1
397.409,2
397.576,1
397.909,0
397.965,5
398.031,4
398.115,3
398.226,2
398.392,1
398.726,0
398.837,2
399.003,1
399.337,0
399.503,1
399.837,0
399.92,3
400.031,2
400.198,1
400.531,0
400.642,2
400.809,1
401.142,0
401.253,2
401.42,3
401.531,2
401.698,1
402.031,2
402.198,1
402.531,0
402.579,6
402.634,5
402.701,4
402.784,3
402.896,2
403.062,3
403.173,4
403.257,3
403.368,2
403.534,1
403.868,0
403.923,5
403.99,6
404.046,5
404.112,6
404.168,5
404.234,4
404.318,3
404.429,2
404.596,1
404.929,0
405.096,1
405.429,2
405.596,1
405.929,0
406.096,1
406.429,2
406.596,1
406.929,0
407.096,1
407.429,2
407.596,1
407.929,0
408.096,1
408.429,0
408.54,2
408.707,3
408.818,2
408.984,1
409.318,0
409.484,1
409.818,0
409.901,3
410.012,2
410.179,1
410.512,0
410.679,3
410.79,2
410.957,1
411.29,2
411.457,3
411.568,2
411.734,1
412.068,0
412.151,5
412.218,4
412.301,3
412.412,2
412.579,3
412.69,2
412.857,1
413.19,0
413.246,7
413.293,6
413.349,5
413.415,4
413.499,3
413.61,2
413.776,1
414.11,2
414.276,1
414.61,2
414.776,1
415.11,0
415.276,1
415.61,0
415.776,1
416.11,2
416.276,3
416.388,2
416.554,1
416.888,0
417.054,1
417.388,2
417.554,1
417.888,2
418.054,1
418.388,2
418.554,3
418.665,2
418.832,1
419.165,0
419.249,3
419.36,2
419.526,1
419.86,0
420.026,1
420.36,0
420.526,3
420.638,2
420.804,3
420.915,2
421.082,3
421.193,2
421.36,1
421.693,0
421.86,1
422.193,0
422.36,1
422.693,0
422.86,1
423.193,2
423.36,1
423.693,0
423.713,16
423.734,15
423.756,14
423.78,13
423.805,12
423.833,11
423.863,10
423.897,9
423.934,8
423.975,7
424.023,6
424.079,5
424.145,4
424.229,3
424.34,2
424.506,1
424.84,0
424.906,4
424.99,3
425.101,2
425.267,3
425.379,2
425.545,1
425.879,0
425.99,2
426.156,1
426.49,0
426.601,2
426.767,1
427.101,0
427.184,3
427.295,2
427.462,1
427.795,2
427.962,1
428.295,0
428.462,1
428.795,0
428.862,4
428.945,3
429.056,4
429.14,3
429.251,2
429.417,1
429.751,2
429.917,1
430.251,0
430.417,1
430.751,0
430.917,1
431.251,0
431.279,11
431.309,10
431.342,9
431.379,8
431.421,7
431.468,6
431.524,5
431.591,4
431.674,3
431.785,2
431.952,1
432.285,0
432.452,1
432.785,0
432.811,12
432.839,11
432.869,10
432.902,9
432.939,8
432.981,7
433.029,6
433.084,5
433.151,4
433.234,3
433.345,2
433.512,1
433.845,2
434.012,1
434.345,0
434.393,6
434.448,5
434.515,4
434.598,3
434.709,2
434.876,1
435.209,0
435.293,3
435.404,2
435.571,1
435.904,0
436.071,1
436.404,0
436.571,3
436.682,2
436.848,1
437.182,0
437.293,4
437.376,3
437.487,2
437.654,1
437.987,0
438.071,3
438.182,2
438.348,1
438.682,2
438.848,1
439.182,0
439.348,1
439.682,2
439.848,1
440.182,2
440.348,1
440.682,0
440.848,1
441.182,0
441.293,2
441.459,1
441.793,2
441.959,3
442.071,2
442.237,1
442.571,0
442.654,3
442.765,2
442.932,1
443.265,0
443.273,41
443.281,40
443.289,39
443.298,38
443.307,37
443.316,36
443.325,35
443.335,34
443.344,33
443.354,32
443.365,31
443.376,30
443.387,29
443.398,28
443.41,27
443.422,26
443.435,25
443.449,24
443.463,23
443.477,22
443.492,21
443.508,20
443.525,19
443.542,18
443.561,17
443.58,16
443.601,15
443.623,14
443.647,13
443.673,12
443.701,11
443.731,10
443.764,9
443.801,8
443.843,7
443.891,6
443.946,5
444.013,4
444.096,3
444.207,2
444.374,1
444.707,2
444.874,1
445.207,0
445.374,3
445.485,2
445.652,1
445.985,0
446.152,1
446.485,0
446.652,1
446.985,0
447.152,1
447.485,0
447.652,1
447.985,2
448.152,1
448.485,0
448.568,3
448.68,2
448.846,1
449.18,2
449.346,1
449.68,2
449.846,1
450.18,2
450.346,1
450.68,2
450.846,1
451.18,0
451.346,1
451.68,0
451.791,2
451.957,1
452.291,0
452.457,1
452.791,2
452.957,1
453.291,0
453.457,3
453.568,2
453.735,1
454.068,2
454.235,3
454.346,2
454.513,1
454.846,0
454.93,3
455.041,2
455.207,1
455.541,0
455.707,1
456.041,2
456.207,1
456.541,0
456.707,1
457.041,2
457.207,1
457.541,2
457.707,1
458.041,2
458.207,1
458.541,0
458.652,2
458.818,3
458.93,2
459.096,3
459.207,2
459.374,1
459.707,0
459.874,1
460.207,0
460.291,3
460.402,2
460.568,1
460.902,2
461.068,1
461.402,0
461.568,1
461.902,0
462.068,1
462.402,0
462.568,3
462.68,2
462.846,1
463.18,0
463.346,3
463.457,2
463.624,1
463.957,2
464.124,3
464.235,2
464.402,1
464.735,0
464.902,1
465.235,0
465.402,1
465.735,0
465.902,1
466.235,0
466.402,1
466.735,2
466.902,1
467.235,0
467.318,5
467.385,4
467.468,3
467.58,2
467.746,1
468.08,0
468.191,2
468.357,1
468.691,0
468.71,16
468.731,15
468.753,14
468.777,13
468.803,12
468.831,11
468.861,10
468.894,9
468.931,8
468.973,7
469.02,6
469.076,5
469.143,4
469.226,5
469.293,4
469.376,3
469.487,4
469.57,3
469.682,2
469.848,1
470.182,2
470.348,1
470.682,2
470.848,1
471.182,2
471.348,1
471.682,2
471.848,1
472.182,0
472.348,3
472.459,2
472.626,1
472.959,0
473.126,1
473.459,2
473.626,1
473.959,0
474.126,1
474.459,0
474.626,3
474.737,4
474.82,3
474.932,2
475.098,1
475.432,0
475.498,4
475.582,3
475.693,2
475.859,1
476.193,2
476.359,3
476.47,2
476.637,1
476.97,0
477.137,3
477.248,2
477.415,1
477.748,0
477.915,1
478.248,0
478.359,2
478.526,1
478.859,0
479.026,1
479.359,0
479.526,1
479.859,2
480.026,1
480.359,0
480.47,2
480.637,3
480.748,2
480.915,1
481.248,0
481.415,1
481.748,0
481.915,3
482.026,2
482.193,1
482.526,0
482.693,3
482.804,2
482.97,3
483.082,2
483.248,1
483.582,0
483.665,3
483.776,2
483.943,1
484.276,0
484.443,1
484.776,2
484.943,3
485.054,2
485.22,1
485.554,2
485.72,1
486.054,2
486.22,1
486.554,2
486.72,1
487.054,2
487.22,3
487.332,2
487.498,3
487.609,2
487.776,1
488.109,0
488.22,2
488.387,1
488.72,0
488.832,2
488.998,1
489.332,2
489.498,1
489.832,0
489.943,2
490.109,1
490.443,2
490.609,3
490.72,2
490.887,1
491.22,0
491.332,2
491.498,1
491.832,2
491.998,1
492.332,2
492.498,1
492.832,0
492.998,3
493.109,2
493.276,1
493.609,0
493.776,1
494.109,0
494.22,2
494.387,1
494.72,0
494.887,3
494.998,2
495.165,1
495.498,2
495.665,3
495.776,2
495.943,1
496.276,0
496.443,1
496.776,0
496.943,1
497.276,2
497.443,3
497.554,2
497.72,1
498.054,2
498.22,1
498.554,0
498.665,2
498.832,1
499.165,0
499.332,1
499.665,2
499.832,1
500.165,0
500.332,1
500.665,2
500.832,3
500.943,2
501.109,1
501.443,0
501.554,2
501.72,1
502.054,2
502.22,1
502.554,0
502.637,3
502.748,2
502.915,1
503.248,2
503.415,1
503.748,0
503.915,1
504.248,2
504.415,1
504.748,0
504.915,1
505.248,2
505.415,1
505.748,0
505.915,1
506.248,0
506.359,2
506.526,1
506.859,0
507.026,3
507.137,2
507.304,1
507.637,0
507.748,2
507.915,1
508.248,2
508.415,1
508.748,0
508.915,3
509.026,2
509.193,1
509.526,0
509.593,4
509.676,3
509.787,2
509.954,1
510.287,0
510.329,7
510.376,6
510.432,5
510.499,4
510.582,3
510.693,2
510.86,1
511.193,2
511.36,1
511.693,0
511.86,1
512.193,0
512.36,1
512.693,0
512.86,1
513.193,0
513.36,1
513.693,2
513.86,1
514.193,0
514.36,1
514.693,0
514.86,3
514.971,2
515.138,1
515.471,0
515.638,3
515.749,2
515.915,1
516.249,0
516.332,3
516.443,2
516.61,1
516.943,0
517.11,1
517.443,0
517.491,6
517.546,5
517.613,4
517.696,3
517.807,4
517.891,3
518.002,2
518.168,1
518.502,2
518.668,1
519.002,0
519.168,1
519.502,0
519.668,1
520.002,2
520.168,1
520.502,0
520.668,1
521.002,0
521.027,12
521.055,11
521.086,10
521.119,9
521.156,8
521.198,7
521.245,6
521.301,5
521.367,4
521.451,3
521.562,2
521.729,1
522.062,0
522.229,1
522.562,0
522.645,3
522.756,2
522.923,1
523.256,0
523.34,3
523.451,2
523.617,1
523.951,0
524.062,2
524.229,1
524.562,2
524.729,1
525.062,2
525.229,1
525.562,0
525.629,6
525.684,5
525.751,4
525.834,3
525.945,2
526.112,1
526.445,0
526.529,3
526.64,2
526.806,1
527.14,0
527.306,1
527.64,0
527.806,3
527.917,2
528.084,1
528.417,0
528.584,1
528.917,0
529.084,3
529.195,2
529.362,1
529.695,0
529.862,1
530.195,0
530.362,3
530.473,2
530.64,1
530.973,2
531.14,1
531.473,0
531.529,5
531.595,6
531.651,5
531.717,4
531.801,5
531.867,4
531.951,5
532.017,4
532.101,3
532.212,2
532.379,1
532.712,0
532.879,1
533.212,0
533.379,1
533.712,0
533.879,1
534.212,2
534.379,1
534.712,2
534.879,1
535.212,0
535.379,1
535.712,0
535.879,1
536.212,0
536.379,1
536.712,0
536.823,2
536.99,1
537.323,0
537.379,5
537.445,4
537.529,3
537.64,2
537.806,1
538.14,0
538.306,1
538.64,0
538.751,2
538.917,1
539.251,0
539.417,1
539.751,2
539.917,1
540.251,0
540.417,1
540.751,0
540.834,3
540.945,2
541.112,1
541.445,2
541.612,1
541.945,0
542.112,1
542.445,0
542.501,5
542.567,4
542.651,5
542.717,4
542.801,3
542.912,2
543.079,3
543.19,2
543.356,3
543.467,2
543.634,1
543.967,0
544.009,7
544.057,6
544.112,5
544.179,4
544.262,3
544.373,4
544.457,3
544.568,2
544.734,3
544.846,2
545.012,1
545.346,0
545.457,2
545.623,3
545.734,4
545.818,3
545.929,2
546.096,1
546.429,0
546.596,1
546.929,0
547.096,1
547.429,2
547.596,1
547.929,2
548.096,1
548.429,0
548.512,3
548.623,2
548.79,1
549.123,0
549.29,3
549.401,2
549.568,1
549.901,2
550.068,1
550.401,2
550.568,3
550.679,4
550.762,3
550.873,2
551.04,3
551.151,2
551.318,3
551.429,2
551.596,1
551.929,0
552.04,2
552.207,1
552.54,0
552.707,1
553.04,0
553.207,1
553.54,0
553.707,1
554.04,0
554.207,1
554.54,2
554.707,1
555.04,2
555.207,1
555.54,0
555.707,1
556.04,2
556.207,1
556.54,0
556.707,1
557.04,0
557.151,2
557.318,1
557.651,2
557.818,1
558.151,0
558.318,1
558.651,2
558.818,1
559.151,2
559.318,1
559.651,2
559.818,1
560.151,2
560.318,1
560.651,0
560.818,1
561.151,0
561.218,4
561.301,3
561.412,2
561.579,1
561.912,0
561.934,14
561.958,13
561.984,12
562.012,11
562.042,10
562.075,9
562.112,8
562.154,7
562.202,6
562.257,5
562.324,4
562.407,3
562.518,2
562.685,3
562.796,2
562.963,1
563.296,0
563.463,1
563.796,2
563.963,1
564.296,0
564.407,2
564.574,1
564.907,2
565.074,1
565.407,0
565.574,1
565.907,2
566.074,3
566.185,2
566.352,1
566.685,0
566.852,1
567.185,2
567.352,1
567.685,0
567.852,1
568.185,2
568.352,1
568.685,2
568.852,3
568.963,2
569.129,3
569.241,4
569.324,3
569.435,4
569.518,3
569.629,2
569.796,1
570.129,0
570.296,1
570.629,2
570.796,1
571.129,2
571.296,1
571.629,2
571.796,1
572.129,0
572.296,1
572.629,0
572.796,1
573.129,0
573.296,1
573.629,0
573.741,2
573.907,1
574.241,0
574.407,1
574.741,0
574.907,1
575.241,0
575.407,1
575.741,2
575.907,1
576.241,2
576.407,1
576.741,0
576.907,1
577.241,0
577.407,1
577.741,0
577.907,1
578.241,2
578.407,1
578.741,0
578.907,1
579.241,0
579.407,1
579.741,0
579.907,1
580.241,2
580.407,3
580.518,2
580.685,1
581.018,0
581.185,1
581.518,2
581.685,1
582.018,0
582.185,1
582.518,0
582.685,1
583.018,0
583.185,1
583.518,0
583.685,1
584.018,0
584.185,1
584.518,0
584.585,4
584.668,3
584.779,2
584.946,1
585.279,2
585.446,1
585.779,0
585.891,2
586.057,1
586.391,0
586.474,3
586.585,4
586.668,3
586.779,2
586.946,1
587.279,0
587.335,5
587.402,4
587.485,3
587.596,2
587.763,3
587.874,2
588.041,1
588.374,0
588.541,1
588.874,2
589.041,1
589.374,0
589.383,35
589.393,34
589.402,33
589.413,32
589.423,31
589.434,30
589.445,29
589.456,28
589.468,27
589.481,26
589.493,25
589.507,24
589.521,23
589.535,22
589.55,21
589.566,20
589.583,19
589.6,18
589.619,17
589.639,16
589.659,15
589.682,14
589.705,13
589.731,12
589.759,11
589.789,10
589.822,9
589.859,8
589.901,7
589.949,6
590.004,5
590.071,4
590.154,5
590.221,4
590.304,3
590.415,2
590.582,3
590.693,2
590.86,1
591.193,2
591.36,1
591.693,0
591.804,2
591.971,1
592.304,2
592.471,3
592.582,2
592.749,3
592.86,2
593.027,1
593.36,0
593.415,5
593.482,4
593.565,3
593.677,2
593.843,1
594.177,0
594.343,1
594.677,0
594.788,2
594.954,3
595.065,2
595.232,1
595.565,0
595.732,1
596.065,0
596.177,2
596.343,3
596.454,2
596.621,3
596.732,2
596.899,1
597.232,2
597.399,3
597.51,2
597.677,1
598.01,0
598.177,1
598.51,2
598.677,3
598.788,2
598.954,1
599.288,0
599.454,3
599.565,2
599.732,1
600.065,0
600.232,1
600.565,2
600.732,1
601.065,0
601.177,2
601.343,3
601.454,2
601.621,3
601.732,2
601.899,1
602.232,0
602.399,1
602.732,0
602.899,1
603.232,2
603.399,1
603.732,2
603.899,1
604.232,2
604.399,1
604.732,2
604.899,3
605.01,2
605.177,1
605.51,0
605.577,4
605.66,3
605.771,2
605.938,1
606.271,2
606.438,1
606.771,0
606.938,1
607.271,2
607.438,1
607.771,2
607.938,1
608.271,0
608.438,1
608.771,0
608.938,1
609.271,0
609.438,1
609.771,0
609.882,2
610.049,1
610.382,0
610.549,3
610.66,2
610.827,1
611.16,0
611.327,3
611.438,2
611.604,1
611.938,0
612.104,1
612.438,2
612.604,1
612.938,0
613.104,1
613.438,0
613.604,1
613.938,0
614.004,4
614.088,3
614.199,2
614.365,1
614.699,0
614.81,2
614.977,3
615.088,2
615.254,1
615.588,2
615.754,3
615.865,4
615.949,3
616.06,2
616.227,3
616.338,2
616.504,1
616.838,2
617.004,1
617.338,0
617.504,1
617.838,0
618.004,1
618.338,0
618.449,4
618.532,3
618.643,2
618.81,1
619.143,2
619.31,1
619.643,2
619.81,1
620.143,2
620.31,1
620.643,0
620.81,1
621.143,0
621.31,1
621.643,2
621.81,1
622.143,2
622.31,1
622.643,0
622.81,1
623.143,0
623.31,3
623.421,2
623.588,1
623.921,0
623.977,5
624.043,4
624.127,3
624.238,2
624.404,1
624.738,0
624.904,1
625.238,0
625.404,1
625.738,0
625.904,1
626.238,2
626.404,3
626.515,2
626.682,1
627.015,0
627.182,1
627.515,2
627.682,3
627.793,4
627.877,3
627.988,2
628.154,1
628.488,2
628.654,1
628.988,0
629.099,2
629.265,1
629.599,0
629.765,1
630.099,0
630.21,2
630.377,1
630.71,2
630.877,3
630.988,2
631.154,1
631.488,2
631.654,3
631.765,4
631.849,5
631.915,4
631.999,3
632.11,4
632.193,3
632.304,2
632.471,3
632.582,4
632.665,3
632.777,2
632.943,1
633.277,0
633.443,1
633.777,2
633.943,1
634.277,0
634.443,1
634.777,2
634.943,1
635.277,0
635.443,1
635.777,0
635.888,4
635.971,5
636.038,4
636.121,3
636.232,2
636.399,1
636.732,0
636.899,3
637.01,2
637.177,1
637.51,0
637.677,1
638.01,0
638.177,1
638.51,0
638.577,4
638.66,3
638.771,2
638.938,3
639.049,2
639.215,1
639.549,2
639.715,1
640.049,2
640.215,1
640.549,0
640.715,1
641.049,0
641.215,1
641.549,0
641.715,1
642.049,0
642.16,2
642.327,1
642.66,0
642.827,3
642.938,2
643.104,1
643.438,2
643.604,1
643.938,2
644.104,1
644.438,0
644.521,3
644.632,2
644.799,1
645.132,0
645.299,1
645.632,0
645.665,9
645.702,8
645.744,7
645.792,6
645.847,5
645.914,4
645.997,3
646.108,2
646.275,3
646.386,2
646.553,3
646.664,2
646.831,1
647.164,2
647.331,1
647.664,0
647.831,3
647.942,2
648.108,1
648.442,0
648.608,1
648.942,2
649.108,3
649.22,2
649.386,1
649.72,0
649.886,1
650.22,2
650.386,1
650.72,0
650.831,2
650.997,1
651.331,0
651.497,1
651.831,0
651.997,1
652.331,0
652.497,1
652.831,0
652.997,1
653.331,2
653.497,1
653.831,0
653.942,2
654.108,1
654.442,0
654.608,1
654.942,0
655.053,2
655.22,1
655.553,0
655.664,2
655.831,1
656.164,0
656.331,1
656.664,2
656.831,3
656.942,4
657.025,3
657.136,2
657.303,3
657.414,2
657.581,1
657.914,0
657.997,5
658.064,4
658.147,3
658.258,2
658.425,1
658.758,0
658.925,3
659.036,2
659.203,1
659.536,0
659.592,5
659.658,4
659.742,3
659.853,2
660.02,1
660.353,2
660.52,1
660.853,0
661.02,1
661.353,0
661.52,3
661.631,2
661.797,3
661.908,2
662.075,1
662.408,2
662.575,1
662.908,0
663.075,1
663.408,0
663.575,1
663.908,2
664.075,1
664.408,2
664.575,1
664.908,0
665.075,1
665.408,0
665.464,5
665.531,4
665.614,3
665.725,2
665.892,1
666.225,0
666.392,1
666.725,0
666.836,2
667.003,1
667.336,0
667.42,3
667.531,4
667.614,3
667.725,4
667.808,3
667.92,2
668.086,1
668.42,2
668.586,3
668.697,2
668.864,3
668.975,2
669.142,1
669.475,0
669.642,1
669.975,0
670.142,1
670.475,0
670.558,3
670.67,2
670.836,1
671.17,0
671.336,1
671.67,0
671.678,37
671.687,36
671.697,35
671.706,34
671.716,33
671.726,32
671.736,31
671.747,30
671.758,29
671.77,28
671.782,27
671.794,26
671.807,25
671.82,24
671.834,23
671.849,22
671.864,21
671.88,20
671.896,19
671.914,18
671.932,17
671.952,16
671.973,15
671.995,14
672.019,13
672.044,12
672.072,11
672.102,10
672.136,9
672.173,8
672.215,7
672.262,6
672.318,5
672.384,4
672.468,3
672.579,2
672.745,3
672.857,2
673.023,1
673.357,0
673.468,2
673.634,1
673.968,0
674.134,1
674.468,0
674.634,1
674.968,0
675.134,1
675.468,0
675.634,3
675.745,2
675.912,1
676.245,0
676.412,1
676.745,0
676.912,3
677.023,2
677.19,1
677.523,2
677.69,1
678.023,0
678.19,1
678.523,2
678.69,1
679.023,0
679.19,1
679.523,0
679.69,1
680.023,0
680.19,1
680.523,2
680.69,1
681.023,0
681.19,1
681.523,0
681.69,1
682.023,0
682.19,1
682.523,2
682.69,1
683.023,0
683.09,4
683.173,3
683.284,2
683.451,1
683.784,0
683.951,1
684.284,2
684.451,3
684.562,2
684.729,1
685.062,2
685.229,1
685.562,0
685.729,1
686.062,2
686.229,1
686.562,0
686.592,10
686.626,9
686.663,10
686.696,9
686.733,10
686.767,9
686.804,8
686.845,7
686.893,6
686.948,7
686.996,6
687.052,5
687.118,4
687.202,5
687.268,4
687.352,3
687.463,2
687.629,3
687.74,2
687.907,1
688.24,2
688.407,1
688.74,0
688.754,24
688.768,23
688.782,22
688.797,21
688.813,20
688.83,19
688.847,20
688.864,19
688.882,18
688.9,17
688.92,16
688.941,15
688.963,14
688.987,15
689.009,14
689.033,13
689.058,12
689.086,11
689.116,10
689.15,9
689.187,8
689.228,7
689.276,6
689.332,5
689.398,4
689.482,3
689.593,2
689.759,1
690.093,0
690.159,4
690.243,3
690.354,2
690.52,1
690.854,0
691.02,1
691.354,2
691.52,1
691.854,0
692.02,1
692.354,0
692.384,10
692.417,9
692.454,10
692.488,9
692.525,8
692.567,9
692.604,8
692.645,7
692.693,6
692.748,7
692.796,6
692.852,5
692.918,4
693.002,3
693.113,2
693.279,1
693.613,2
693.779,3
693.89,2
694.057,1
694.39,0
694.557,1
694.89,0
695.002,2
695.168,3
695.279,2
695.446,3
695.557,4
695.64,3
695.752,4
695.835,3
695.946,2
696.113,1
696.446,0
696.483,8
696.525,7
696.572,6
696.628,5
696.695,4
696.778,3
696.889,2
697.056,1
697.389,0
697.556,1
697.889,2
698.056,1
698.389,0
698.556,1
698.889,2
699.056,1
699.389,2
699.556,1
699.889,2
700.056,1
700.389,2
700.556,1
700.889,0
701,2
701.167,1
701.5,2
701.667,1
702,0
702.167,1
702.5,0
702.667,1
703,0
703.083,3
703.195,4
703.278,3
703.389,2
703.556,1
703.889,0
704,4
704.083,3
704.195,2
704.361,1
704.695,0
704.861,3
704.972,2
705.139,1
705.472,0
705.583,2
705.75,1
706.083,0
706.25,1
706.583,2
706.75,1
707.083,0
707.25,1
707.583,0
707.75,1
708.083,2
708.25,1
708.583,0
708.75,1
709.083,0
709.106,14
709.129,13
709.155,12
709.183,11
709.213,10
709.247,9
709.284,8
709.325,7
709.373,6
709.428,5
709.495,4
709.578,3
709.69,2
709.856,3
709.967,2
710.134,1
710.467,0
710.634,1
710.967,0
710.995,11
711.025,10
711.059,9
711.096,8
711.137,7
711.185,6
711.241,5
711.307,4
711.391,3
711.502,2
711.668,1
712.002,2
712.168,1
712.502,2
712.668,1
713.002,0
713.057,5
713.124,4
713.207,3
713.318,2
713.485,1
713.818,0
713.985,3
714.096,2
714.263,1
714.596,0
714.763,1
715.096,0
715.263,1
715.596,0
715.763,1
716.096,0
716.263,1
716.596,0
716.763,3
716.874,2
717.041,1
717.374,0
717.441,4
717.524,3
717.635,2
717.802,3
717.913,4
717.996,3
718.107,2
718.274,3
718.385,2
718.552,1
718.885,0
719.052,1
719.385,2
719.552,1
719.885,0
720.052,1
720.385,2
720.552,1
720.885,2
721.052,3
721.163,2
721.329,1
721.663,0
721.829,1
722.163,2
722.329,1
722.663,0
722.829,1
723.163,0
723.329,1
723.663,0
723.829,1
724.163,0
724.246,3
724.357,2
724.524,3
724.635,2
724.802,1
725.135,0
725.302,1
725.635,0
725.746,2
725.913,1
726.246,0
726.413,1
726.746,2
726.913,3
727.024,2
727.191,1
727.524,2
727.691,3
727.802,4
727.885,5
727.952,6
728.007,5
728.074,6
728.129,7
728.177,6
728.233,5
728.299,4
728.383,3
728.494,2
728.66,3
728.772,2
728.938,1
729.272,0
729.355,3
729.466,2
729.633,1
729.966,0
730.049,3
730.16,4
730.244,3
730.355,2
730.522,1
730.855,0
731.022,1
731.355,0
731.522,1
731.855,0
732.022,3
732.133,4
732.216,5
732.283,4
732.366,3
732.477,2
732.644,1
732.977,0
733.144,1
733.477,0
733.56,3
733.672,4
733.755,5
733.822,4
733.905,3
734.016,2
734.183,1
734.516,0
734.535,17
734.554,16
734.575,15
734.597,14
734.621,13
734.647,12
734.674,11
734.705,10
734.738,9
734.775,8
734.817,7
734.864,6
734.92,5
734.987,4
735.07,3
735.181,2
735.348,1
735.681,2
735.848,1
736.181,0
736.237,5
736.303,4
736.387,3
736.498,2
736.664,1
736.998,0
737.164,3
737.275,2
737.442,3
737.553,2
737.72,1
738.053,0
738.137,3
738.248,2
738.414,1
738.748,2
738.914,1
739.248,0
739.414,1
739.748,2
739.914,1
740.248,2
740.414,1
740.748,2
740.914,1
741.248,0
741.331,3
741.442,2
741.609,1
741.942,0
742.109,1
742.442,0
742.553,2
742.72,1
743.053,0
743.164,2
743.331,1
743.664,0
743.831,1
744.164,0
744.331,1
744.664,0
744.831,1
745.164,2
745.331,1
745.664,2
745.831,1
746.164,0
746.331,1
746.664,2
746.831,3
746.942,2
747.109,1
747.442,0
747.553,2
747.72,3
747.831,2
747.998,3
748.109,2
748.275,1
748.609,0
748.775,1
749.109,0
749.156,6
749.212,5
749.279,4
749.362,3
749.473,4
749.556,3
749.668,4
749.751,3
749.862,2
750.029,1
750.362,0
750.529,1
750.862,0
751.029,1
751.362,0
751.473,2
751.64,1
751.973,0
752.14,1
752.473,2
752.64,3
752.751,2
752.918,1
753.251,2
753.418,1
753.751,2
753.918,1
754.251,0
754.418,1
754.751,0
754.918,1
755.251,0
755.418,3
755.529,2
755.695,1
756.029,0
756.14,2
756.306,1
756.64,0
756.751,2
756.918,1
757.251,2
757.418,1
757.751,2
757.918,1
758.251,0
758.418,3
758.529,2
758.695,1
759.029,2
759.195,1
759.529,0
759.695,3
759.806,2
759.973,1
760.306,2
760.473,1
760.806,2
760.973,1
761.306,2
761.473,1
761.806,0
761.973,1
762.306,2
762.473,1
762.806,2
762.973,1
763.306,0
763.473,1
763.806,2
763.973,1
764.306,2
764.473,1
764.806,2
764.973,1
765.306,0
765.418,2
765.584,1
765.918,2
766.084,1
766.418,0
766.584,1
766.918,0
767.084,1
767.418,0
767.584,1
767.918,2
768.084,1
768.418,2
768.584,1
768.918,2
769.084,3
769.195,2
769.362,1
769.695,2
769.862,3
769.973,2
770.14,3
770.251,2
770.418,1
770.751,0
770.918,1
771.251,0
771.362,2
771.529,1
771.862,0
772.029,1
772.362,0
772.529,3
772.64,2
772.806,1
773.14,2
773.306,1
773.64,2
773.806,1
774.14,0
774.306,1
774.64,0
774.751,2
774.918,1
775.251,2
775.418,1
775.751,2
775.918,1
776.251,0
776.418,1
776.751,0
776.918,1
777.251,2
777.418,1
777.751,0
777.818,4
777.901,3
778.012,2
778.179,1
778.512,0
778.679,1
779.012,0
779.179,1
779.512,0
779.595,3
779.706,4
779.79,3
779.901,2
780.068,1
780.401,0
780.568,1
780.901,0
781.068,1
781.401,0
781.512,2
781.679,1
782.012,0
782.123,2
782.29,1
782.623,0
782.706,3
782.818,2
782.984,3
783.095,4
783.179,3
783.29,2
783.456,1
783.79,2
783.956,1
784.29,0
784.456,1
784.79,0
784.956,1
785.29,0
785.456,1
785.79,0
785.873,3
785.984,2
786.151,1
786.484,0
786.651,1
786.984,0
787.151,1
787.484,2
787.651,1
787.984,0
788.151,1
788.484,0
788.651,1
788.984,2
789.151,1
789.484,0
789.512,11
789.542,10
789.576,9
789.613,8
789.654,7
789.702,6
789.757,5
789.824,4
789.907,3
790.019,2
790.185,1
790.519,2
790.685,1
791.019,0
791.185,1
791.519,0
791.685,1
792.019,2
792.185,1
792.519,2
792.685,1
793.019,2
793.185,1
793.519,0
793.685,1
794.019,2
794.185,1
794.519,0
794.685,3
794.796,2
794.963,1
795.296,0
795.319,14
795.342,13
795.368,12
795.396,11
795.426,10
795.459,9
795.497,8
795.538,7
795.586,8
795.627,9
795.664,8
795.706,7
795.754,6
795.809,5
795.876,4
795.959,3
796.07,2
796.237,1
796.57,0
796.737,1
797.07,0
797.154,3
797.265,2
797.432,1
797.765,0
797.807,7
797.854,6
797.91,5
797.976,4
798.06,3
798.171,2
798.338,1
798.671,0
798.726,7
798.774,6
798.83,5
798.896,6
798.952,5
799.018,4
799.102,3
799.213,2
799.38,1
799.713,0
799.88,1
800.213,0
800.38,1
800.713,0
800.88,1
801.213,0
801.324,2
801.491,1
801.824,0
801.991,1
802.324,0
802.491,1
802.824,0
802.891,4
802.974,3
803.085,2
803.252,1
803.585,0
803.696,2
803.863,1
804.196,2
804.363,3
804.474,2
804.641,1
804.974,0
805.141,1
805.474,0
805.641,1
805.974,0
806.141,1
806.474,0
806.641,1
806.974,0
807.085,2
807.252,1
807.585,0
807.668,3
807.78,2
807.946,1
808.28,2
808.446,1
808.78,2
808.946,1
809.28,0
809.446,1
809.78,0
809.946,3
810.057,2
810.224,1
810.557,2
810.724,1
811.057,2
811.224,1
811.557,0
811.724,1
812.057,0
812.105,8
812.147,7
812.194,6
812.25,5
812.316,4
812.4,3
812.511,2
812.678,1
813.011,0
813.178,1
813.511,0
813.678,3
813.789,2
813.955,1
814.289,2
814.455,1
814.789,0
814.955,1
815.289,2
815.455,1
815.789,0
815.872,3
815.983,2
816.15,1
816.483,0
816.594,4
816.678,3
816.789,2
816.955,1
817.289,0
817.455,1
817.789,0
817.955,3
818.066,2
818.233,1
818.566,0
818.733,1
819.066,2
819.233,1
819.566,2
819.733,1
820.066,2
820.233,1
820.566,2
820.733,1
821.066,2
821.233,1
821.566,0
821.733,1
822.066,2
822.233,1
822.566,2
822.733,1
823.066,0
823.233,1
823.566,2
823.733,1
824.066,0
824.178,2
824.344,1
824.678,0
824.789,2
824.955,1
825.289,0
825.455,1
825.789,0
825.955,1
826.289,0
826.455,1
826.789,2
826.955,1
827.289,2
827.455,1
827.789,2
827.955,1
828.289,2
828.455,1
828.789,0
828.955,1
829.289,0
829.336,6
829.392,5
829.459,4
829.542,3
829.653,2
829.82,1
830.153,0
830.236,3
830.347,2
830.514,1
830.847,0
831.014,1
831.347,2
831.514,3
831.625,2
831.792,3
831.903,4
831.986,5
832.053,4
832.136,3
832.247,2
832.414,1
832.747,2
832.914,1
833.247,0
833.359,2
833.525,1
833.859,0
834.025,1
834.359,2
834.525,1
834.859,0
834.97,2
835.136,3
835.247,2
835.414,1
835.747,2
835.914,1
836.247,0
836.414,1
836.747,0
836.831,3
836.942,4
837.025,3
837.136,2
837.303,1
837.636,0
837.803,1
838.136,0
838.303,1
838.636,0
838.803,1
839.136,0
839.303,3
839.414,2
839.581,1
839.914,0
840.081,1
840.414,2
840.581,1
840.914,2
841.081,1
841.414,0
841.581,3
841.692,2
841.859,1
842.192,0
842.359,1
842.692,2
842.859,1
843.192,2
843.359,3
843.47,2
843.636,1
843.97,0
844.136,1
844.47,2
844.636,3
844.747,2
844.914,3
845.025,2
845.192,1
845.525,0
845.692,3
845.803,2
845.97,1
846.303,0
846.47,1
846.803,0
846.97,1
847.303,0
847.47,3
847.581,2
847.747,1
848.081,2
848.247,1
848.581,0
848.747,1
849.081,0
849.192,2
849.359,3
849.47,2
849.636,1
849.97,0
850.136,1
850.47,2
850.636,1
850.97,0
851.011,9
851.048,8
851.09,7
851.138,6
851.193,5
851.26,4
851.343,3
851.454,2
851.621,1
851.954,0
852.021,4
852.104,3
852.215,2
852.382,1
852.715,0
852.882,1
853.215,0
853.299,3
853.41,2
853.577,1
853.91,2
854.077,3
854.188,4
854.271,3
854.382,2
854.549,1
854.882,0
855.049,1
855.382,2
855.549,1
855.882,0
856.049,1
856.382,0
856.549,1
856.882,0
857.049,1
857.382,0
857.449,6
857.504,5
857.571,4
857.654,3
857.765,2
857.932,1
858.265,0
858.432,1
858.765,2
858.932,1
859.265,0
859.377,2
859.543,1
859.877,0
860.043,1
860.377,2
860.543,3
860.654,2
860.821,1
861.154,2
861.321,1
861.654,0
861.821,1
862.154,2
862.321,1
862.654,0
862.696,7
862.744,6
862.799,5
862.866,4
862.949,3
863.06,2
863.227,1
863.56,2
863.727,1
864.06,0
864.227,1
864.56,0
864.727,3
864.838,2
865.005,1
865.338,2
865.505,3
865.616,2
865.782,1
866.116,0
866.227,2
866.394,1
866.727,2
866.894,1
867.227,2
867.394,3
867.505,2
867.671,1
868.005,0
868.171,1
868.505,0
868.671,1
869.005,0
869.088,3
869.199,2
869.366,1
869.699,0
869.866,1
870.199,2
870.366,1
870.699,0
870.866,3
870.977,2
871.144,1
871.477,2
871.644,1
871.977,0
872.144,1
872.477,0
872.56,3
872.671,2
872.838,1
873.171,0
873.338,1
873.671,0
873.838,1
874.171,0
874.255,3
874.366,2
874.532,1
874.866,0
875.032,1
875.366,0
875.532,1
875.866,0
876.032,1
876.366,2
876.532,1
876.866,0
877.032,1
877.366,2
877.532,1
877.866,0
878.032,1
878.366,0
878.477,2
878.644,1
878.977,2
879.144,3
879.255,2
879.421,1
879.755,0
879.921,3
880.032,2
880.199,3
880.31,2
880.477,1
880.81,0
880.977,1
881.31,0
881.477,1
881.81,0
881.977,1
882.31,0
882.421,2
882.588,1
882.921,2
883.088,1
883.421,0
883.588,1
883.921,2
884.088,3
884.199,2
884.366,1
884.699,0
884.866,1
885.199,0
885.282,3
885.394,2
885.56,3
885.671,4
885.755,3
885.866,2
886.032,3
886.144,2
886.31,1
886.644,0
886.81,1
887.144,0
887.255,2
887.421,1
887.755,2
887.921,1
888.255,0
888.302,6
888.358,5
888.425,4
888.508,3
888.619,2
888.786,1
889.119,0
889.23,2
889.397,1
889.73,0
889.897,3
890.008,2
890.175,1
890.508,2
890.675,1
891.008,0
891.175,3
891.286,2
891.452,3
891.563,2
891.73,1
892.063,0
892.23,3
892.341,2
892.508,1
892.841,0
892.897,5
892.963,4
893.047,3
893.158,2
893.325,1
893.658,2
893.825,1
894.158,0
894.325,1
894.658,2
894.825,1
895.158,2
895.325,3
895.436,2
895.602,1
895.936,2
896.102,3
896.213,2
896.38,1
896.713,2
896.88,1
897.213,0
897.38,1
897.713,2
897.88,1
898.213,0
898.38,1
898.713,0
898.88,1
899.213,2
899.38,1
899.713,2
899.88,1
900.213,0
900.325,2
900.491,3
900.602,2
900.769,1
901.102,0
901.213,2
901.38,3
901.491,2
901.658,1
901.991,2
902.158,1
902.491,0
902.658,1
902.991,2
903.158,1
903.491,0
903.602,2
903.769,3
903.88,2
904.047,1
904.38,0
904.491,2
904.658,1
904.991,0
905.158,1
905.491,0
905.658,1
905.991,0
906.158,1
906.491,0
906.658,1
906.991,2
907.158,3
907.269,2
907.436,1
907.769,2
907.936,1
908.269,0
908.436,1
908.769,0
908.936,1
909.269,2
909.436,1
909.769,2
909.936,1
910.269,0
910.436,1
910.769,0
910.936,1
911.269,2
911.436,1
911.769,0
911.936,1
912.269,0
912.436,1
912.769,2
912.936,1
913.269,2
913.436,1
913.769,2
913.936,1
914.269,0
914.436,1
914.769,0
914.936,1
915.269,0
915.38,2
915.547,1
915.88,0
916.047,1
916.38,0
916.428,6
916.483,5
916.55,4
916.633,3
916.744,2
916.911,1
917.244,0
917.411,1
917.744,0
917.856,2
918.022,1
918.356,0
918.522,1
918.856,2
919.022,1
919.356,0
919.522,1
919.856,2
920.022,1
920.356,2
920.522,1
920.856,0
921.022,1
921.356,0
921.386,10
921.419,9
921.456,8
921.498,7
921.545,6
921.601,5
921.668,4
921.751,3
921.862,2
922.029,3
922.14,2
922.307,3
922.418,2
922.584,1
922.918,2
923.084,1
923.418,0
923.584,3
923.695,2
923.862,1
924.195,2
924.362,1
924.695,0
924.862,1
925.195,2
925.362,1
925.695,0
925.807,2
925.973,1
926.307,0
926.326,16
926.347,15
926.369,14
926.393,13
926.419,12
926.446,11
926.477,10
926.51,9
926.547,8
926.589,7
926.636,6
926.692,7
926.74,6
926.795,5
926.862,4
926.945,3
927.056,2
927.223,1
927.556,2
927.723,1
928.056,0
928.167,2
928.334,1
928.667,0
928.834,1
929.167,0
929.201,9
929.238,8
929.279,7
929.327,6
929.383,5
929.449,4
929.533,3
929.644,2
929.81,1
930.144,0
930.255,2
930.421,1
930.755,2
930.921,1
931.255,0
931.421,1
931.755,0
931.921,1
932.255,0
932.421,3
932.533,2
932.699,1
933.033,2
933.199,1
933.533,2
933.699,1
934.033,0
934.07,8
934.111,7
934.159,6
934.214,5
934.281,4
934.364,3
934.476,2
934.642,1
934.976,2
935.142,1
935.476,0
935.587,2
935.753,1
936.087,2
936.253,1
936.587,0
936.753,1
937.087,0
937.198,2
937.364,1
937.698,0
937.864,1
938.198,0
938.364,1
938.698,0
938.809,2
938.976,3
939.087,2
939.253,3
939.364,2
939.531,1
939.864,2
940.031,1
940.364,0
940.531,1
940.864,0
941.031,1
941.364,0
941.476,2
941.642,1
941.976,0
941.978,116
941.981,115
941.984,114
941.987,113
941.99,112
941.993,111
941.996,110
941.999,109
942.002,108
942.005,107
942.008,106
942.011,105
942.015,104
942.018,103
942.021,102
942.024,101
942.028,100
942.031,99
942.034,98
942.038,97
942.041,96
942.045,95
942.048,94
942.052,93
942.055,92
942.059,91
942.063,90
942.066,89
942.07,88
942.074,87
942.078,86
942.082,85
942.085,84
942.089,83
942.093,82
942.098,81
942.102,80
942.106,79
942.11,78
942.114,77
942.119,76
942.123,75
942.127,74
942.132,73
942.137,72
942.141,71
942.146,70
942.151,69
942.155,68
942.16,67
942.165,66
942.17,65
942.175,64
942.181,63
942.186,62
942.191,61
942.197,60
942.202,59
942.208,58
942.214,57
942.22,56
942.226,55
942.232,54
942.238,53
942.244,52
942.251,51
942.257,50
942.264,49
942.271,48
942.277,47
942.285,46
942.292,45
942.299,44
942.307,43
942.315,42
942.322,41
942.331,40
942.339,39
942.347,38
942.356,37
942.365,36
942.375,35
942.384,34
942.394,33
942.404,32
942.414,31
942.425,30
942.436,29
942.448,28
942.46,27
942.472,26
942.485,25
942.498,24
942.512,23
942.527,22
942.542,21
942.558,20
942.574,19
942.592,18
942.61,17
942.63,16
942.651,15
942.673,14
942.697,13
942.722,12
942.75,11
942.78,12
942.808,11
942.839,10
942.872,9
942.909,8
942.951,7
942.998,6
943.054,5
943.12,4
943.204,3
943.315,2
943.482,1
943.815,2
943.982,1
944.315,0
944.482,1
944.815,0
944.982,1
945.315,0
945.482,3
945.593,2
945.759,1
946.093,2
946.259,1
946.593,0
946.759,1
947.093,2
947.259,3
947.37,2
947.537,1
947.87,0
948.037,3
948.148,2
948.315,1
948.648,2
948.815,1
949.148,0
949.315,1
949.648,0
949.815,3
949.926,2
950.093,1
950.426,0
950.593,1
950.926,0
951.093,1
951.426,2
951.593,1
951.926,0
952.093,1
952.426,0
952.593,1
952.926,0
953.093,1
953.426,0
953.509,3
953.62,2
953.787,1
954.12,0
954.287,3
954.398,2
954.565,1
954.898,0
955.009,2
955.176,1
955.509,0
955.565,5
955.632,4
955.715,3
955.826,2
955.993,1
956.326,0
956.493,1
956.826,2
956.993,1
957.326,2
957.493,3
957.604,2
957.77,1
958.104,0
958.27,1
958.604,0
958.77,1
959.104,2
959.27,1
959.604,2
959.77,1
960.104,0
960.27,3
960.382,2
960.548,1
960.882,0
960.993,2
961.159,1
961.493,0
961.659,3
961.77,2
961.937,1
962.27,2
962.437,3
962.548,2
962.715,1
963.048,0
963.096,6
963.151,5
963.218,4
963.301,3
963.412,2
963.579,1
963.912,0
964.024,2
964.19,1
964.524,0
964.69,1
965.024,0
965.19,1
965.524,0
965.635,2
965.801,1
966.135,0
966.301,1
966.635,0
966.801,1
967.135,0
967.301,1
967.635,0
967.801,1
968.135,0
968.301,1
968.635,2
968.801,1
969.135,0
969.301,1
969.635,0
969.746,2
969.912,1
970.246,0
970.357,2
970.524,1
970.857,0
971.024,1
971.357,0
971.524,1
971.857,0
972.024,3
972.135,2
972.301,1
972.635,0
972.801,1
973.135,0
973.301,1
973.635,0
973.801,1
974.135,2
974.301,1
974.635,2
974.801,1
975.135,0
975.301,1
975.635,0
975.801,1
976.135,2
976.301,3
976.412,4
976.496,3
976.607,2
976.774,3
976.885,2
977.051,1
977.385,0
977.551,1
977.885,0
978.051,1
978.385,0
978.551,1
978.885,0
979.051,3
979.162,2
979.329,1
979.662,2
979.829,1
980.162,0
980.274,2
980.44,1
980.774,0
980.94,3
981.051,2
981.218,3
981.329,2
981.496,1
981.829,0
981.84,30
981.851,29
981.863,28
981.874,27
981.887,26
981.9,25
981.913,24
981.927,23
981.941,22
981.956,21
981.972,20
981.989,19
982.007,18
982.025,17
982.045,16
982.066,15
982.088,14
982.112,13
982.137,12
982.165,11
982.195,10
982.229,9
982.266,8
982.307,7
982.355,6
982.41,7
982.458,6
982.514,5
982.58,4
982.664,3
982.775,2
982.941,1
983.275,0
983.441,1
983.775,0
983.941,1
984.275,2
984.441,1
984.775,0
984.941,1
985.275,0
985.386,2
985.553,1
985.886,2
986.053,1
986.386,2
986.553,1
986.886,2
987.053,1
987.386,2
987.553,1
987.886,0
988.053,1
988.386,2
988.553,1
988.886,0
988.969,3
989.08,2
989.247,1
989.58,2
989.747,1
990.08,0
990.191,2
990.358,1
990.691,0
990.858,1
991.191,0
991.258,6
991.314,5
991.38,4
991.464,5
991.53,4
991.614,5
991.68,6
991.736,5
991.803,4
991.886,5
991.953,4
992.036,3
992.147,2
992.314,1
992.647,2
992.814,1
993.147,0
993.23,3
993.341,2
993.508,3
993.619,4
993.703,3
993.814,2
993.98,1
994.314,0
994.48,1
994.814,0
994.98,1
995.314,2
995.48,1
995.814,0
995.98,1
996.314,2
996.48,3
996.591,2
996.758,3
996.869,2
997.036,1
997.369,2
997.536,1
997.869,0
998.036,1
998.369,0
998.417,6
998.472,5
998.539,6
998.595,5
998.661,4
998.745,3
998.856,2
999.022,3
999.133,2
999.3,1
999.633,0
999.7,4
999.783,3
999.895,2
1000.06,1
1000.39,0
1000.56,1
1000.89,2
1001.06,1
1001.39,2
1001.56,1
1001.89,0
1002.06,1
1002.39,0
1002.56,3
1002.67,2
1002.84,1
1003.17,0
1003.24,4
1003.32,3
1003.43,2
1003.6,1
1003.93,0
1004.02,3
1004.13,2
1004.29,1
1004.63,2
1004.79,3
1004.91,2
1005.07,1
1005.41,2
1005.57,1
1005.91,2
1006.07,1
1006.41,0
1006.57,3
1006.68,2
1006.85,3
1006.96,2
1007.13,1
1007.46,0
1007.63,1
1007.96,0
1008.13,1
1008.46,2
1008.63,1
1008.96,2
1009.13,3
1009.24,2
1009.41,1
1009.74,0
1009.91,1
1010.24,2
1010.41,3
1010.52,2
1010.68,1
1011.02,0
1011.1,3
1011.21,2
1011.38,1
1011.71,0
1011.77,7
1011.81,6
1011.87,5
1011.94,4
1012.02,3
1012.13,2
1012.3,1
1012.63,0
1012.8,1
1013.13,0
1013.24,2
1013.41,1
1013.74,0
1013.91,1
1014.24,0
1014.35,2
1014.52,1
1014.85,0
1014.89,8
1014.93,7
1014.98,6
1015.04,5
1015.1,4
1015.19,3
1015.3,2
1015.46,3
1015.57,2
1015.74,1
1016.07,2
1016.24,1
1016.57,0
1016.74,1
1017.07,0
1017.24,1
1017.57,0
1017.69,2
1017.85,1
1018.19,0
1018.35,3
1018.46,2
1018.63,1
1018.96,2
1019.13,3
1019.24,2
1019.41,1
1019.74,0
1019.91,1
1020.24,0
1020.41,3
1020.52,2
1020.69,1
1021.02,0
1021.13,2
1021.3,1
1021.63,0
1021.7,4
1021.78,3
1021.89,2
1022.06,1
1022.39,0
1022.56,1
1022.89,2
1023.06,1
1023.39,2
1023.56,1
1023.89,0
1023.97,3
1024.09,2
1024.25,1
1024.59,0
1024.75,1
1025.09,0
1025.25,1
1025.59,0
1025.75,1
1026.09,0
1026.25,1
1026.59,0
1026.75,1
1027.09,0
1027.2,2
1027.36,1
1027.7,0
1027.86,3
1027.97,2
1028.14,1
1028.47,2
1028.64,1
1028.97,2
1029.14,1
1029.47,0
1029.51,8
1029.55,7
1029.6,6
1029.66,5
1029.72,4
1029.81,3
1029.92,2
1030.08,1
1030.42,2
1030.58,1
1030.92,0
1031.08,1
1031.42,0
1031.45,8
1031.5,7
1031.54,6
1031.6,5
1031.67,4
1031.75,3
1031.86,2
1032.03,3
1032.14,4
1032.22,3
1032.33,2
1032.5,1
1032.83,2
1033,1
1033.33,0
1033.5,1
1033.83,0
1034,1
1034.33,0
1034.5,1
1034.83,0
1035,1
1035.33,0
1035.5,1
1035.83,0
1036,1
1036.33,2
1036.5,1
1036.83,0
1037,1
1037.33,0
1037.5,1
1037.83,2
1038,1
1038.33,0
1038.44,4
1038.53,3
1038.64,2
1038.8,1
1039.14,2
1039.3,3
1039.42,2
1039.58,1
1039.92,0
1040.08,1
1040.42,0
1040.53,2
1040.69,1
1041.03,2
1041.19,1
1041.53,0
1041.69,3
1041.8,2
1041.97,1
1042.3,0
1042.42,2
1042.58,1
1042.92,0
1043.03,2
1043.19,1
1043.53,0
1043.64,2
1043.8,1
1044.14,0
1044.25,2
1044.42,1
1044.75,0
1044.83,3
1044.94,2
1045.11,1
1045.44,0
1045.51,4
1045.59,3
1045.7,2
1045.87,1
1046.2,2
1046.37,1
1046.7,2
1046.87,1
1047.2,0
1047.27,4
1047.35,3
1047.47,2
1047.63,1
1047.97,0
1048.13,1
1048.47,0
1048.63,3
1048.74,2
1048.91,1
1049.24,2
1049.41,1
1049.74,0
1049.91,1
1050.24,0
1050.41,1
1050.74,0
1050.85,2
1051.02,3
1051.13,2
1051.3,1
1051.63,0
1051.8,1
1052.13,0
1052.3,1
1052.63,2
1052.8,1
1053.13,0
1053.3,1
1053.63,0
1053.8,1
1054.13,0
1054.18,6
1054.24,5
1054.3,4
1054.39,3
1054.5,2
1054.66,1
1055,0
1055.16,3
1055.27,2
1055.44,1
1055.77,2
1055.94,3
1056.05,2
1056.22,1
1056.55,0
1056.64,3
1056.75,2
1056.91,1
1057.25,2
1057.41,1
1057.75,0
1057.78,9
1057.82,8
1057.86,7
1057.91,6
1057.96,5
1058.03,6
1058.08,5
1058.15,4
1058.23,3
1058.35,2
1058.51,3
1058.62,2
1058.79,1
1059.12,0
1059.15,11
1059.18,10
1059.21,9
1059.25,8
1059.29,7
1059.34,6
1059.4,5
1059.46,4
1059.55,3
1059.66,2
1059.82,1
1060.16,2
1060.32,1
1060.66,0
1060.77,2
1060.94,1
1061.27,0
1061.38,2
1061.55,1
1061.88,0
1062.05,1
1062.38,2
1062.55,1
1062.88,0
1063.05,1
1063.38,0
1063.55,1
1063.88,0
1064.05,1
1064.38,2
1064.55,1
1064.88,0
1064.99,2
1065.16,1
1065.49,2
1065.66,1
1065.99,2
1066.16,1
1066.49,2
1066.66,1
1066.99,0
1067.16,3
1067.27,2
1067.44,1
1067.77,0
1067.94,1
1068.27,0
1068.38,2
1068.55,1
1068.88,2
1069.05,1
1069.38,0
1069.46,3
1069.57,2
1069.74,1
1070.07,0
1070.24,1
1070.57,2
1070.74,1
1071.07,0
1071.24,1
1071.57,0
1071.74,1
1072.07,2
1072.24,1
1072.57,0
1072.74,1
1073.07,2
1073.24,1
1073.57,2
1073.74,1
1074.07,0
1074.24,1
1074.57,0
1074.74,3
1074.85,2
1075.02,1
1075.35,2
1075.52,1
1075.85,2
1076.02,1
1076.35,0
1076.46,2
1076.63,1
1076.96,2
1077.13,3
1077.24,2
1077.41,1
1077.74,0
1077.81,4
1077.89,3
1078,2
1078.17,1
1078.5,0
1078.67,3
1078.78,2
1078.95,1
1079.28,0
1079.39,2
1079.56,1
1079.89,0
1080.06,1
1080.39,0
1080.56,1
1080.89,2
1081.06,1
1081.39,0
1081.56,1
1081.89,0
1082.06,3
1082.17,2
1082.34,1
1082.67,0
1082.78,2
1082.95,1
1083.28,2
1083.45,1
1083.78,2
1083.95,1
1084.28,0
1084.45,1
1084.78,0
1084.86,3
1084.97,2
1085.14,3
1085.25,2
1085.42,1
1085.75,0
1085.92,1
1086.25,0
1086.42,1
1086.75,0
1086.92,1
1087.25,0
1087.36,2
1087.53,1
1087.86,0
1088.03,3
1088.14,2
1088.31,1
1088.64,2
1088.81,1
1089.14,2
1089.31,1
1089.64,2
1089.81,1
1090.14,0
1090.19,6
1090.24,5
1090.31,4
1090.39,3
1090.5,4
1090.59,3
1090.7,2
1090.87,1
1091.2,0
1091.31,2
1091.48,1
1091.81,0
1091.92,2
1092.09,1
1092.42,0
1092.59,1
1092.92,2
1093.09,1
1093.42,2
1093.59,1
1093.92,2
1094.09,1
1094.42,0
1094.59,1
1094.92,0
1095.09,1
1095.42,2
1095.59,1
1095.92,0
1096.09,1
1096.42,0
1096.59,1
1096.92,2
1097.09,1
1097.42,2
1097.59,1
1097.92,0
1098,3
1098.12,2
1098.28,1
1098.62,0
1098.78,1
1099.12,2
1099.28,1
1099.62,0
1099.73,2
1099.89,1
1100.23,0
1100.26,9
1100.3,8
1100.34,7
1100.39,6
1100.44,5
1100.51,4
1100.59,3
1100.7,2
1100.87,3
1100.98,2
1101.15,1
1101.48,0
1101.59,2
1101.76,1
1102.09,0
1102.16,4
1102.24,3
1102.35,2
1102.52,1
1102.85,0
1103.02,1
1103.35,2
1103.52,3
1103.63,2
1103.8,1
1104.13,2
1104.3,1
1104.63,0
1104.8,1
1105.13,0
1105.3,3
1105.41,2
1105.58,1
1105.91,0
1106.08,1
1106.41,0
1106.58,1
1106.91,0
1106.96,6
1107.01,5
1107.08,4
1107.16,3
1107.27,2
1107.44,1
1107.77,2
1107.94,1
1108.27,0
1108.44,1
1108.77,0
1108.88,2
1109.05,1
1109.38,0
1109.47,3
1109.58,2
1109.75,3
1109.86,2
1110.02,1
1110.36,0
1110.52,1
1110.86,0
1111.02,1
1111.36,0
1111.52,1
1111.86,0
1111.92,4
1112.01,3
1112.12,2
1112.28,1
1112.62,0
1112.78,1
1113.12,2
1113.28,1
1113.62,0
1113.73,2
1113.9,1
1114.23,0
1114.31,5
1114.38,4
1114.46,3
1114.57,2
1114.74,3
1114.85,2
1115.02,1
1115.35,0
1115.52,1
1115.85,0
1116.02,1
1116.35,0
1116.46,2
1116.63,1
1116.96,2
1117.13,1
1117.46,0
1117.63,1
1117.96,0
1118.13,1
1118.46,2
1118.63,1
1118.96,0
1119.13,1
1119.46,0
1119.63,1
1119.96,2
1120.13,1
1120.46,0
1120.53,4
1120.61,3
1120.72,4
1120.81,3
1120.92,2
1121.08,1
1121.42,0
1121.58,1
1121.92,0
1122.08,1
1122.42,2
1122.58,1
1122.92,2
1123.08,1
1123.42,2
1123.58,3
1123.7,2
1123.86,1
1124.2,2
1124.36,1
1124.7,0
1124.75,5
1124.82,4
1124.9,3
1125.01,2
1125.18,1
1125.51,0
1125.68,1
1126.01,2
1126.18,1
1126.51,0
1126.62,2
1126.79,1
1127.12,0
1127.29,1
1127.62,0
1127.79,1
1128.12,0
1128.29,1
1128.62,2
1128.79,1
1129.12,0
1129.21,3
1129.32,2
1129.48,1
1129.82,0
1129.82,45
1129.83,44
1129.84,43
1129.85,42
1129.86,41
1129.86,40
1129.87,39
1129.88,38
1129.89,37
1129.9,36
1129.91,35
1129.92,34
1129.93,33
1129.94,32
1129.95,31
1129.96,30
1129.97,29
1129.98,28
1129.99,27
1130.01,26
1130.02,25
1130.03,24
1130.05,23
1130.06,22
1130.07,21
1130.09,20
1130.11,19
1130.12,18
1130.14,17
1130.16,16
1130.18,15
1130.21,14
1130.23,13
1130.26,12
1130.28,11
1130.31,10
1130.35,9
1130.38,8
1130.43,7
1130.47,6
1130.53,5
1130.6,4
1130.68,3
1130.79,2
1130.96,1
1131.29,0
1131.46,1
1131.79,0
1131.81,20
1131.82,19
1131.84,18
1131.86,17
1131.88,16
1131.9,15
1131.92,14
1131.95,13
1131.97,12
1132,13
1132.03,12
1132.05,11
1132.08,10
1132.12,9
1132.15,8
1132.2,7
1132.24,6
1132.3,5
1132.37,4
1132.45,3
1132.56,2
1132.73,1
1133.06,0
1133.23,1
1133.56,0
1133.73,1
1134.06,0
1134.14,3
1134.25,2
1134.42,1
1134.75,2
1134.92,1
1135.25,0
1135.31,5
1135.38,4
1135.46,3
1135.57,2
1135.74,3
1135.85,2
1136.02,1
1136.35,0
1136.52,1
1136.85,2
1137.02,1
1137.35,0
1137.38,11
1137.41,10
1137.44,11
1137.47,10
1137.5,9
1137.54,8
1137.58,7
1137.63,6
1137.69,5
1137.75,4
1137.84,3
1137.95,2
1138.11,1
1138.45,0
1138.61,1
1138.95,0
1139.06,2
1139.22,1
1139.56,2
1139.72,1
1140.06,0
1140.22,3
1140.34,2
1140.5,1
1140.84,0
1141,1
1141.34,2
1141.5,1
1141.84,0
1142,1
1142.34,2
1142.5,1
1142.84,0
1143,1
1143.34,0
1143.5,1
1143.84,2
1144,1
1144.34,0
1144.5,1
1144.84,0
1144.86,15
1144.88,14
1144.9,13
1144.93,12
1144.96,11
1144.99,10
1145.02,9
1145.06,8
1145.1,7
1145.15,6
1145.2,5
1145.27,4
1145.35,3
1145.46,2
1145.63,1
1145.96,0
1146.13,1
1146.46,2
1146.63,1
1146.96,2
1147.13,1
1147.46,0
1147.63,1
1147.96,0
1148.13,3
1148.24,2
1148.41,1
1148.74,0
1148.91,1
1149.24,0
1149.41,1
1149.74,0
1149.82,3
1149.94,2
1150.1,1
1150.44,2
1150.6,3
1150.71,2
1150.88,1
1151.21,0
1151.38,1
1151.71,0
1151.78,4
1151.86,3
1151.97,2
1152.14,1
1152.47,0
1152.59,4
1152.67,3
1152.78,4
1152.86,3
1152.97,2
1153.14,1
1153.47,2
1153.64,3
1153.75,2
1153.92,1
1154.25,0
1154.42,1
1154.75,0
1154.82,4
1154.9,3
1155.01,2
1155.18,1
1155.51,2
1155.68,1
1156.01,0
1156.18,1
1156.51,0
1156.57,5
1156.64,4
1156.72,3
1156.83,2
1157,1
1157.33,0
1157.41,3
1157.52,2
1157.69,1
1158.02,0
1158.14,2
1158.3,1
1158.64,0
1158.8,1
1159.14,0
1159.3,1
1159.64,0
1159.7,4
1159.79,3
1159.9,2
1160.06,3
1160.17,2
1160.34,1
1160.67,2
1160.84,3
1160.95,4
1161.04,3
1161.15,4
1161.23,3
1161.34,2
1161.51,1
1161.84,2
1162.01,1
1162.34,2
1162.51,1
1162.84,0
1163.01,3
1163.12,2
1163.29,3
1163.4,2
1163.56,1
1163.9,0
1163.96,4
1164.05,5
1164.11,4
1164.2,3
1164.31,2
1164.47,1
1164.81,0
1164.89,3
1165,4
1165.09,3
1165.2,2
1165.36,3
1165.47,2
1165.64,1
1165.97,0
1166.14,1
1166.47,0
1166.53,5
1166.6,4
1166.68,3
1166.79,2
1166.96,1
1167.29,2
1167.46,1
1167.79,0
1167.87,3
1167.99,2
1168.15,3
1168.26,2
1168.43,1
1168.76,0
1168.93,1
1169.26,0
1169.43,1
1169.76,2
1169.93,1
1170.26,0
1170.37,4
1170.46,3
1170.57,2
1170.74,1
1171.07,0
1171.12,6
1171.17,5
1171.24,4
1171.32,3
1171.43,2
1171.6,1
1171.93,0
1172.1,3
1172.21,2
1172.38,1
1172.71,2
1172.88,1
1173.21,0
1173.38,1
1173.71,2
1173.88,1
1174.21,0
1174.38,3
1174.49,2
1174.65,1
1174.99,0
1175.15,1
1175.49,0
1175.54,6
1175.59,5
1175.66,6
1175.71,7
1175.76,6
1175.82,5
1175.88,4
1175.97,3
1176.08,2
1176.24,1
1176.58,2
1176.74,1
1177.08,0
1177.24,3
1177.36,2
1177.52,1
1177.86,2
1178.02,3
1178.13,2
1178.3,3
1178.41,2
1178.58,1
1178.91,0
1179.08,1
1179.41,0
1179.58,3
1179.69,2
1179.86,1
1180.19,0
1180.36,1
1180.69,0
1180.86,1
1181.19,2
1181.36,1
1181.69,2
1181.86,1
1182.19,2
1182.36,1
1182.69,2
1182.86,1
1183.19,0
1183.36,1
1183.69,0
1183.86,1
1184.19,2
1184.36,1
1184.69,0
1184.86,1
1185.19,2
1185.36,1
1185.69,0
1185.71,14
1185.74,13
1185.76,12
1185.79,11
1185.82,10
1185.85,9
1185.89,10
1185.92,9
1185.96,8
1186,7
1186.05,6
1186.1,7
1186.15,6
1186.21,5
1186.27,4
1186.36,3
1186.47,2
1186.64,1
1186.97,0
1187.14,1
1187.47,2
1187.64,1
1187.97,2
1188.14,3
1188.25,2
1188.41,1
1188.75,2
1188.91,1
1189.25,0
1189.41,1
1189.75,0
1189.91,1
1190.25,2
1190.41,1
1190.75,2
1190.91,1
1191.25,0
1191.41,1
1191.75,2
1191.91,1
1192.25,2
1192.41,3
1192.52,2
1192.69,1
1193.02,0
1193.05,10
1193.09,9
1193.12,8
1193.17,7
1193.21,6
1193.27,5
1193.34,4
1193.42,3
1193.53,2
1193.7,1
1194.03,2
1194.2,3
1194.31,2
1194.48,1
1194.81,2
1194.98,1
1195.31,0
1195.42,2
1195.59,1
1195.92,2
1196.09,1
1196.42,2
1196.59,1
1196.92,0
1197.03,2
1197.2,1
1197.53,2
1197.7,1
1198.03,2
1198.2,1
1198.53,2
1198.7,1
1199.03,0
1199.2,1
1199.53,0
1199.7,3
1199.81,2
1199.98,1
1200.31,0
1200.48,1
1200.81,0
1200.92,2
1201.09,1
1201.42,0
1201.49,4
1201.57,3
1201.68,2
1201.85,1
1202.18,0
1202.35,3
1202.46,2
1202.63,1
1202.96,2
1203.13,3
1203.24,4
1203.32,3
1203.43,2
1203.6,1
1203.93,2
1204.1,1
1204.43,0
1204.51,5
1204.58,4
1204.66,3
1204.78,2
1204.94,1
1205.28,0
1205.33,5
1205.4,4
1205.48,3
1205.59,2
1205.76,1
1206.09,0
1206.26,1
1206.59,2
1206.76,1
1207.09,0
1207.26,1
1207.59,0
1207.76,1
1208.09,0
1208.26,1
1208.59,0
1208.63,9
1208.66,8
1208.7,7
1208.75,6
1208.81,5
1208.87,4
1208.96,3
1209.07,2
1209.24,1
1209.57,0
1209.65,3
1209.76,2
1209.93,1
1210.26,0
1210.35,3
1210.46,2
1210.62,3
1210.74,2
1210.9,1
1211.24,2
1211.4,1
1211.74,0
1211.85,2
1212.01,1
1212.35,2
1212.51,3
1212.62,2
1212.79,1
1213.12,0
1213.24,2
1213.4,1
1213.74,2
1213.9,1
1214.24,0
1214.4,1
1214.74,0
1214.9,1
1215.24,0
1215.35,2
1215.51,1
1215.85,2
1216.01,1
1216.35,2
1216.51,1
1216.85,0
1217.01,1
1217.35,0
1217.51,3
1217.62,2
1217.79,1
1218.12,2
1218.29,1
1218.62,0
1218.79,1
1219.12,0
1219.24,2
1219.4,3
1219.51,2
1219.68,1
1220.01,0
1220.18,1
1220.51,2
1220.68,1
1221.01,0
1221.18,1
1221.51,0
1221.58,4
1221.66,3
1221.77,2
1221.94,1
1222.27,0
1222.36,3
1222.47,2
1222.64,1
1222.97,0
1223.04,4
1223.12,3
1223.23,2
1223.4,1
1223.73,0
1223.9,1
1224.23,0
1224.4,1
1224.73,2
1224.9,1
1225.23,2
1225.4,1
1225.73,0
1225.9,1
1226.23,2
1226.4,1
1226.73,0
1226.81,3
1226.92,2
1227.09,1
1227.42,0
1227.59,1
1227.92,2
1228.09,1
1228.42,0
1228.59,1
1228.92,0
1229.09,1
1229.42,2
1229.59,3
1229.7,2
1229.87,1
1230.2,2
1230.37,1
1230.7,0
1230.87,1
1231.2,0
1231.37,1
1231.7,2
1231.87,1
1232.2,2
1232.37,3
1232.48,2
1232.65,3
1232.76,4
1232.84,3
1232.95,2
1233.12,1
1233.45,0
1233.54,3
1233.65,2
1233.81,1
1234.15,0
1234.31,1
1234.65,0
1234.66,17
1234.68,16
1234.71,15
1234.73,14
1234.75,13
1234.78,12
1234.8,11
1234.83,10
1234.87,9
1234.91,8
1234.95,7
1234.99,6
1235.05,5
1235.12,4
1235.2,3
1235.31,2
1235.48,1
1235.81,0
1235.98,1
1236.31,0
1236.48,1
1236.81,0
1236.98,1
1237.31,0
1237.34,9
1237.38,8
1237.42,7
1237.47,6
1237.53,5
1237.59,4
1237.68,3
1237.79,2
1237.95,1
1238.29,0
1238.45,1
1238.79,2
1238.95,1
1239.29,0
1239.45,1
1239.79,2
1239.95,1
1240.29,2
1240.45,1
1240.79,0
1240.95,3
1241.07,2
1241.23,1
1241.57,2
1241.73,1
1242.07,0
1242.18,2
1242.34,1
1242.68,2
1242.84,1
1243.18,0
1243.34,1
1243.68,2
1243.84,1
1244.18,2
1244.34,1
1244.68,0
1244.72,6
1244.78,5
1244.85,4
1244.93,3
1245.04,2
1245.21,1
1245.54,2
1245.71,1
1246.04,2
1246.21,3
1246.32,4
1246.4,3
1246.51,2
1246.68,1
1247.01,0
1247.12,2
1247.29,1
1247.62,2
1247.79,3
1247.9,4
1247.99,3
1248.1,2
1248.26,1
1248.6,2
1248.76,1
1249.1,0
1249.26,1
1249.6,0
1249.76,3
1249.87,2
1250.04,1
1250.37,2
1250.54,1
1250.87,0
1251.04,1
1251.37,0
1251.49,2
1251.65,1
1251.99,0
1252.05,4
1252.14,5
1252.2,4
1252.29,3
1252.4,2
1252.56,1
1252.9,0
1253.06,1
1253.4,0
1253.56,1
1253.9,2
1254.06,1
1254.4,0
1254.56,1
1254.9,0
1255.01,2
1255.17,1
1255.51,0
1255.53,17
1255.55,16
1255.57,15
1255.59,14
1255.61,13
1255.64,12
1255.67,11
1255.7,10
1255.73,9
1255.77,8
1255.81,7
1255.86,6
1255.91,5
1255.98,4
1256.06,3
1256.17,2
1256.34,1
1256.67,2
1256.84,1
1257.17,2
1257.34,1
1257.67,2
1257.84,1
1258.17,0
1258.34,1
1258.67,0
1258.84,3
1258.95,2
1259.12,1
1259.45,2
1259.62,3
1259.73,2
1259.89,3
1260.01,2
1260.17,1
1260.51,0
1260.67,3
1260.78,2
1260.95,1
1261.28,0
1261.37,3
1261.48,2
1261.64,1
1261.98,2
1262.14,1
1262.48,2
1262.64,3
1262.76,2
1262.92,1
1263.26,0
1263.42,1
1263.76,2
1263.92,1
1264.26,0
1264.42,1
1264.76,0
1264.92,1
1265.26,2
1265.42,1
1265.76,0
1265.92,1
1266.26,0
1266.42,1
1266.76,0
1266.92,1
1267.26,0
1267.42,1
1267.76,0
1267.92,1
1268.26,0
1268.42,3
1268.53,2
1268.7,1
1269.03,0
1269.2,1
1269.53,0
1269.7,1
1270.03,0
1270.2,1
1270.53,2
1270.7,1
1271.03,0
1271.2,1
1271.53,0
1271.7,3
1271.81,2
1271.98,1
1272.31,0
1272.48,1
1272.81,0
1272.89,3
1273.01,2
1273.17,3
1273.28,2
1273.45,1
1273.78,2
1273.95,1
1274.28,0
1274.39,2
1274.56,1
1274.89,0
1275.06,1
1275.39,2
1275.56,1
1275.89,2
1276.06,1
1276.39,2
1276.56,1
1276.89,0
1277.06,1
1277.39,0
1277.56,1
1277.89,2
1278.06,3
1278.17,2
1278.34,1
1278.67,2
1278.84,1
1279.17,0
1279.34,1
1279.67,2
1279.84,1
1280.17,2
1280.34,1
1280.67,2
1280.84,1
1281.17,0
1281.34,1
1281.67,2
1281.84,1
1282.17,0
1282.34,1
1282.67,0
1282.84,3
1282.95,2
1283.12,3
1283.23,2
1283.39,1
1283.73,0
1283.89,1
1284.23,2
1284.39,1
1284.73,0
1284.89,3
1285.01,4
1285.09,3
1285.2,2
1285.37,1
1285.7,2
1285.87,1
1286.2,0
1286.37,1
1286.7,0
1286.87,1
1287.2,0
1287.37,1
1287.7,0
1287.78,3
1287.89,2
1288.06,1
1288.39,0
1288.44,6
1288.5,5
1288.56,4
1288.65,3
1288.76,2
1288.93,1
1289.26,2
1289.43,1
1289.76,0
1289.83,4
1289.91,3
1290.02,2
1290.19,1
1290.52,0
1290.69,1
1291.02,2
1291.19,1
1291.52,2
1291.69,1
1292.02,0
1292.19,1
1292.52,2
1292.69,1
1293.02,0
1293.19,1
1293.52,0
1293.63,2
1293.8,1
1294.13,0
1294.3,1
1294.63,0
1294.74,2
1294.91,1
1295.24,2
1295.41,1
1295.74,2
1295.91,1
1296.24,2
1296.41,1
1296.74,0
1296.91,1
1297.24,0
1297.33,3
1297.44,2
1297.6,1
1297.94,0
1298.05,2
1298.21,1
1298.55,0
1298.71,1
1299.05,2
1299.21,3
1299.33,2
1299.49,1
1299.83,0
1299.99,1
1300.33,2
1300.49,1
1300.83,2
1300.99,1
1301.33,0
1301.44,4
1301.52,3
1301.63,2
1301.8,1
1302.13,0
1302.3,3
1302.41,2
1302.58,1
1302.91,0
1303.02,2
1303.19,3
1303.3,2
1303.46,1
1303.8,2
1303.96,3
1304.08,4
1304.16,3
1304.27,2
1304.44,1
1304.77,2
1304.94,3
1305.05,2
1305.21,3
1305.33,2
1305.49,3
1305.6,2
1305.77,3
1305.88,2
1306.05,1
1306.38,0
1306.55,1
1306.88,0
1306.99,4
1307.08,3
1307.19,2
1307.35,1
1307.69,0
1307.85,1
1308.19,0
1308.3,2
1308.46,1
1308.8,2
1308.96,3
1309.08,2
1309.24,3
1309.35,2
1309.52,1
1309.85,2
1310.02,1
1310.35,0
1310.52,1
1310.85,2
1311.02,3
1311.13,2
1311.3,1
1311.63,2
1311.8,1
1312.13,0
1312.3,1
1312.63,0
1312.8,3
1312.91,2
1313.08,1
1313.41,2
1313.58,1
1313.91,0
1314.08,1
1314.41,0
1314.58,1
1314.91,2
1315.08,1
1315.41,2
1315.58,1
1315.91,0
1316.08,1
1316.41,0
1316.48,4
1316.56,3
1316.67,2
1316.84,1
1317.17,0
1317.34,1
1317.67,0
1317.84,1
1318.17,0
1318.28,2
1318.45,1
1318.78,0
1318.95,1
1319.28,0
1319.45,1
1319.78,2
1319.95,1
1320.28,0
1320.34,5
1320.4,4
1320.49,3
1320.6,2
1320.76,1
1321.1,2
1321.26,3
1321.38,2
1321.54,1
1321.88,2
1322.04,1
1322.38,2
1322.54,1
1322.88,0
1322.99,2
1323.15,3
1323.26,2
1323.43,1
1323.76,2
1323.93,1
1324.26,0
1324.43,1
1324.76,0
1324.85,3
1324.96,4
1325.04,3
1325.15,2
1325.32,1
1325.65,0
1325.7,6
1325.76,5
1325.82,4
1325.91,3
1326.02,2
1326.18,1
1326.52,0
1326.68,1
1327.02,2
1327.18,1
1327.52,0
1327.57,5
1327.64,4
1327.72,3
1327.83,2
1328,3
1328.11,2
1328.28,3
1328.39,2
1328.56,1
1328.89,0
1329.06,1
1329.39,2
1329.56,1
1329.89,2
1330.06,1
1330.39,2
1330.56,1
1330.89,2
1331.06,1
1331.39,2
1331.56,1
1331.89,2
1332.06,1
1332.39,2
1332.56,3
1332.67,2
1332.83,1
1333.17,0
1333.33,1
1333.67,0
1333.78,2
1333.95,1
1334.28,0
1334.36,3
1334.47,2
1334.64,1
1334.97,0
1335.14,1
1335.47,2
1335.64,1
1335.97,0
1336.14,1
1336.47,0
1336.64,1
1336.97,2
1337.14,1
1337.47,2
1337.64,1
1337.97,0
1338.14,1
1338.47,0
1338.64,1
1338.97,0
1339.14,1
1339.47,0
1339.64,1
1339.97,0
1340.06,3
1340.17,2
1340.33,1
1340.67,0
1340.78,2
1340.95,1
1341.28,0
1341.36,3
1341.47,2
1341.64,1
1341.97,0
1342.03,5
1342.1,4
1342.18,3
1342.29,2
1342.46,3
1342.57,2
1342.73,1
1343.07,2
1343.23,1
1343.57,0
1343.73,3
1343.85,2
1344.01,1
1344.35,0
1344.51,1
1344.85,0
1345.01,1
1345.35,0
1345.51,1
1345.85,0
1346.01,1
1346.35,0
1346.51,1
1346.85,0
1347.01,1
1347.35,2
1347.51,3
1347.62,2
1347.79,3
1347.9,2
1348.07,1
1348.4,2
1348.57,1
1348.9,0
1349.07,1
1349.4,0
1349.57,1
1349.9,0
1350.07,3
1350.18,4
1350.26,3
1350.37,2
1350.54,1
1350.87,2
1351.04,1
1351.37,0
1351.54,3
1351.65,2
1351.82,1
1352.15,2
1352.32,1
1352.65,0
1352.82,1
1353.15,0
1353.22,4
1353.3,3
1353.41,2
1353.58,1
1353.91,0
1354.08,1
1354.41,0
1354.58,1
1354.91,0
1355.02,2
1355.19,1
1355.52,0
1355.69,3
1355.8,2
1355.97,1
1356.3,0
1356.47,1
1356.8,2
1356.97,1
1357.3,0
1357.32,15
1357.34,14
1357.37,13
1357.39,12
1357.42,11
1357.45,10
1357.48,9
1357.52,8
1357.56,7
1357.61,6
1357.67,5
1357.73,4
1357.82,3
1357.93,2
1358.09,1
1358.43,2
1358.59,1
1358.93,2
1359.09,1
1359.43,0
1359.51,3
1359.62,4
1359.71,3
1359.82,2
1359.98,1
1360.32,0
1360.43,2
1360.59,1
1360.93,0
1361.09,1
1361.43,0
1361.54,2
1361.71,1
1362.04,2
1362.21,1
1362.54,0
1362.71,1
1363.04,0
1363.21,1
1363.54,0
1363.71,3
1363.82,2
1363.98,1
1364.32,0
1364.43,2
1364.59,3
1364.71,2
1364.87,1
1365.21,0
1365.32,2
1365.48,1
1365.82,2
1365.98,3
1366.09,2
1366.26,1
1366.59,0
1366.76,1
1367.09,0
1367.21,2
1367.37,1
1367.71,0
1367.87,1
1368.21,0
1368.37,1
1368.71,0
1368.79,3
1368.9,2
1369.07,1
1369.4,2
1369.57,1
1369.9,0
1369.91,36
1369.92,35
1369.93,34
1369.94,33
1369.95,32
1369.96,31
1369.97,30
1369.98,29
1369.99,28
1370,27
1370.02,26
1370.03,25
1370.04,24
1370.06,23
1370.07,22
1370.09,21
1370.1,20
1370.12,19
1370.14,18
1370.15,17
1370.17,16
1370.19,15
1370.22,14
1370.24,13
1370.27,12
1370.29,11
1370.32,10
1370.36,9
1370.39,8
1370.44,7
1370.48,6
1370.54,5
1370.61,4
1370.69,3
1370.8,4
1370.88,3
1371,2
1371.16,1
1371.5,2
1371.66,1
1372,0
1372.16,1
1372.5,0
1372.66,1
1373,0
1373.11,2
1373.27,1
1373.61,2
1373.77,1
1374.11,0
1374.27,1
1374.61,2
1374.77,1
1375.11,0
1375.27,1
1375.61,0
1375.65,6
1375.71,5
1375.78,6
1375.83,5
1375.9,4
1375.98,3
1376.09,2
1376.26,1
1376.59,0
1376.76,1
1377.09,0
1377.26,1
1377.59,0
1377.76,1
1378.09,0
1378.26,1
1378.59,2
1378.76,1
1379.09,2
1379.26,1
1379.59,2
1379.76,1
1380.09,0
1380.26,1
1380.59,2
1380.76,3
1380.87,2
1381.04,1
1381.37,2
1381.54,1
1381.87,0
1381.98,2
1382.15,1
1382.48,2
1382.65,3
1382.76,2
1382.93,1
1383.26,2
1383.43,1
1383.76,2
1383.93,1
1384.26,2
1384.43,1
1384.76,0
1384.93,1
1385.26,2
1385.43,1
1385.76,0
1385.87,2
1386.04,3
1386.15,2
1386.31,1
1386.65,2
1386.81,1
1387.15,0
1387.26,2
1387.43,1
1387.76,2
1387.93,1
1388.26,0
1388.37,2
1388.54,1
1388.87,0
1388.88,39
1388.89,38
1388.9,37
1388.91,36
1388.91,35
1388.92,34
1388.93,33
1388.94,32
1388.95,31
1388.96,30
1388.98,29
1388.99,28
1389,27
1389.01,26
1389.02,25
1389.04,24
1389.05,23
1389.07,22
1389.08,21
1389.1,20
1389.11,19
1389.13,18
1389.15,17
1389.17,16
1389.19,15
1389.21,14
1389.24,13
1389.26,12
1389.29,11
1389.32,10
1389.35,9
1389.39,8
1389.43,7
1389.48,6
1389.54,5
1389.6,4
1389.69,3
1389.8,2
1389.96,1
1390.3,0
1390.46,1
1390.8,0
1390.96,1
1391.3,0
1391.46,1
1391.8,0
1391.88,3
1391.99,2
1392.16,3
1392.27,2
1392.44,1
1392.77,0
1392.94,1
1393.27,0
1393.38,2
1393.55,1
1393.88,0
1394.05,3
1394.16,2
1394.32,3
1394.44,2
1394.6,1
1394.94,0
1395.1,1
1395.44,0
1395.55,2
1395.71,1
1396.05,0
1396.21,1
1396.55,2
1396.71,1
1397.05,2
1397.21,1
1397.55,0
1397.71,3
1397.82,2
1397.99,1
1398.32,0
1398.44,2
1398.6,1
1398.94,0
1399.1,1
1399.44,0
1399.6,1
1399.94,0
1400.1,1
1400.44,0
1400.6,1
1400.94,0
1401.1,3
1401.21,2
1401.38,1
1401.71,0
1401.88,1
1402.21,0
1402.28,4
1402.36,3
1402.47,2
1402.64,3
1402.75,2
1402.92,1
1403.25,0
1403.42,1
1403.75,2
1403.92,1
1404.25,2
1404.42,1
1404.75,2
1404.92,1
1405.25,2
1405.42,1
1405.75,0
1405.92,1
1406.25,2
1406.42,1
1406.75,2
1406.92,3
1407.03,2
1407.2,1
1407.53,0
1407.7,1
1408.03,0
1408.1,4
1408.18,3
1408.29,2
1408.46,1
1408.79,0
1408.96,1
1409.29,0
1409.4,2
1409.57,1
1409.9,2
1410.07,1
1410.4,2
1410.57,1
1410.9,0
1411.07,1
1411.4,0
1411.44,8
1411.48,7
1411.53,6
1411.58,5
1411.65,4
1411.73,5
1411.8,4
1411.88,3
1412,2
1412.16,1
1412.5,2
1412.66,1
1413,2
1413.16,1
1413.5,0
1413.61,4
1413.69,3
1413.8,2
1413.97,1
1414.3,0
1414.38,3
1414.5,4
1414.58,3
1414.69,2
1414.86,1
1415.19,2
1415.36,1
1415.69,0
1415.86,3
1415.97,4
1416.05,3
1416.16,4
1416.25,5
1416.31,4
1416.4,3
1416.51,2
1416.67,1
1417.01,0
1417.17,1
1417.51,0
1417.67,1
1418.01,0
1418.06,5
1418.13,4
1418.21,3
1418.32,2
1418.49,1
1418.82,0
1418.83,98
1418.83,97
1418.83,96
1418.84,95
1418.84,94
1418.84,93
1418.85,92
1418.85,91
1418.85,90
1418.86,89
1418.86,88
1418.87,87
1418.87,86
1418.87,85
1418.88,84
1418.88,83
1418.89,82
1418.89,81
1418.89,80
1418.9,79
1418.9,78
1418.91,77
1418.91,76
1418.91,75
1418.92,74
1418.92,73
1418.93,72
1418.93,71
1418.94,70
1418.94,69
1418.95,68
1418.95,67
1418.96,66
1418.96,65
1418.97,64
1418.97,63
1418.98,62
1418.98,61
1418.99,60
1418.99,59
1419,58
1419.01,57
1419.01,56
1419.02,55
1419.02,54
1419.03,53
1419.04,52
1419.04,51
1419.05,50
1419.06,49
1419.06,48
1419.07,47
1419.08,46
1419.08,45
1419.09,44
1419.1,43
1419.11,42
1419.11,41
1419.12,40
1419.13,39
1419.14,38
1419.15,37
1419.16,36
1419.17,35
1419.18,34
1419.19,33
1419.2,32
1419.21,31
1419.22,30
1419.23,29
1419.24,28
1419.25,29
1419.26,28
1419.27,27
1419.29,26
1419.3,25
1419.31,24
1419.33,23
1419.34,22
1419.36,21
1419.37,20
1419.39,19
1419.41,18
1419.43,19
1419.44,18
1419.46,17
1419.48,16
1419.5,15
1419.52,14
1419.55,13
1419.57,12
1419.6,11
1419.63,10
1419.67,9
1419.7,8
1419.74,7
1419.79,6
1419.85,5
1419.91,4
1420,3
1420.11,2
1420.27,1
1420.61,2
1420.77,1
1421.11,0
1421.16,5
1421.23,4
1421.31,3
1421.42,2
1421.59,1
1421.92,0
1422.09,3
1422.2,2
1422.37,1
1422.7,0
1422.87,1
1423.2,0
1423.37,1
1423.7,0
1423.87,1
1424.2,0
1424.37,1
1424.7,0
1424.75,6
1424.81,5
1424.87,4
1424.96,3
1425.07,2
1425.23,1
1425.57,0
1425.68,2
1425.84,1
1426.18,2
1426.34,1
1426.68,2
1426.84,1
1427.18,0
1427.23,6
1427.28,5
1427.35,4
1427.43,3
1427.54,2
1427.71,1
1428.04,0
1428.13,3
1428.24,2
1428.4,3
1428.51,2
1428.68,1
1429.01,0
1429.07,5
1429.14,4
1429.22,3
1429.33,2
1429.5,3
1429.61,2
1429.78,3
1429.89,2
1430.05,1
1430.39,0
1430.5,4
1430.58,3
1430.69,4
1430.78,3
1430.89,2
1431.05,1
1431.39,0
1431.55,1
1431.89,0
1431.89,78
1431.9,77
1431.9,76
1431.9,75
1431.91,74
1431.91,73
1431.92,72
1431.92,71
1431.93,70
1431.93,69
1431.94,68
1431.94,67
1431.95,66
1431.95,65
1431.96,64
1431.96,63
1431.97,62
1431.97,61
1431.98,60
1431.98,59
1431.99,58
1431.99,57
1432,56
1432.01,55
1432.01,54
1432.02,53
1432.03,52
1432.03,51
1432.04,50
1432.04,49
1432.05,48
1432.06,47
1432.07,46
1432.07,45
1432.08,44
1432.09,43
1432.1,42
1432.1,41
1432.11,40
1432.12,39
1432.13,38
1432.14,37
1432.15,36
1432.16,35
1432.17,34
1432.17,33
1432.18,32
1432.2,31
1432.21,30
1432.22,29
1432.23,28
1432.24,27
1432.25,26
1432.27,25
1432.28,24
1432.29,23
1432.31,22
1432.32,21
1432.34,22
1432.35,21
1432.37,20
1432.39,19
1432.4,18
1432.42,17
1432.44,16
1432.46,15
1432.48,14
1432.51,13
1432.53,12
1432.56,11
1432.59,10
1432.63,9
1432.66,8
1432.7,7
1432.75,6
1432.81,5
1432.87,4
1432.96,3
1433.07,4
1433.15,5
1433.22,4
1433.3,3
1433.41,2
1433.58,1
1433.91,2
1434.08,1
1434.41,0
1434.58,1
1434.91,0
1435.08,1
1435.41,2
1435.58,3
1435.69,2
1435.86,1
1436.19,2
1436.36,1
1436.69,0
1436.86,1
1437.19,0
1437.36,1
1437.69,2
1437.86,1
1438.19,0
1438.36,1
1438.69,0
1438.86,1
1439.19,2
1439.36,1
1439.69,0
1439.86,1
1440.19,0
1440.3,4
1440.39,5
1440.45,4
1440.54,3
1440.65,2
1440.81,1
1441.15,0
1441.26,2
1441.42,1
1441.76,0
1441.92,1
1442.26,0
1442.42,1
1442.76,0
1442.87,2
1443.04,1
1443.37,2
1443.54,1
1443.87,2
1444.04,1
1444.37,0
1444.42,5
1444.49,4
1444.57,3
1444.69,2
1444.85,1
1445.19,0
1445.35,3
1445.46,4
1445.55,3
1445.66,2
1445.82,1
1446.16,2
1446.32,1
1446.66,0
1446.77,2
1446.94,1
1447.27,2
1447.44,3
1447.55,2
1447.71,1
1448.05,0
1448.21,1
1448.55,0
1448.71,1
1449.05,0
1449.21,1
1449.55,0
1449.71,3
1449.82,2
1449.99,1
1450.32,0
1450.41,3
1450.52,4
1450.6,3
1450.71,2
1450.88,1
1451.21,0
1451.38,1
1451.71,0
1451.88,1
1452.21,2
1452.38,3
1452.49,2
1452.66,1
1452.99,0
1453.16,1
1453.49,0
1453.66,1
1453.99,2
1454.16,1
1454.49,0
1454.66,1
1454.99,0
1455.1,2
1455.27,1
1455.6,0
1455.77,1
1456.1,2
1456.27,3
1456.38,2
1456.55,1
1456.88,0
1457.05,1
1457.38,0
1457.55,1
1457.88,0
1458.05,1
1458.38,2
1458.55,1
1458.88,2
1459.05,1
1459.38,0
1459.49,2
1459.66,1
1459.99,0
1460.1,2
1460.27,1
1460.6,0
1460.77,3
1460.88,2
1461.05,3
1461.16,2
1461.32,1
1461.66,2
1461.82,1
1462.16,2
1462.32,1
1462.66,0
1462.82,1
1463.16,0
1463.27,2
1463.44,1
1463.77,0
1463.94,1
1464.27,2
1464.44,1
1464.77,0
1464.94,3
1465.05,2
1465.21,1
1465.55,0
1465.71,1
1466.05,0
1466.21,1
1466.55,0
1466.71,1
1467.05,2
1467.21,1
1467.55,0
1467.59,6
1467.65,5
1467.72,6
1467.77,7
1467.82,6
1467.88,5
1467.94,4
1468.03,3
1468.14,2
1468.3,1
1468.64,0
1468.75,2
1468.91,1
1469.25,0
1469.41,1
1469.75,2
1469.91,1
1470.25,0
1470.36,2
1470.53,1
1470.86,0
1471.03,1
1471.36,0
1471.47,2
1471.64,1
1471.97,0
1472.14,1
1472.47,2
1472.64,1
1472.97,0
1473.14,1
1473.47,0
1473.58,2
1473.75,1
1474.08,2
1474.25,1
1474.58,0
1474.75,3
1474.86,2
1475.03,1
1475.36,0
1475.41,5
1475.48,4
1475.56,3
1475.68,2
1475.84,1
1476.18,0
1476.34,3
1476.45,2
1476.62,1
1476.95,0
1477.12,1
1477.45,0
1477.62,3
1477.73,2
1477.9,1
1478.23,2
1478.4,1
1478.73,0
1478.9,1
1479.23,0
1479.3,4
1479.38,3
1479.49,2
1479.66,1
1479.99,0
1480.1,2
1480.27,1
1480.6,0
1480.77,1
1481.1,0
1481.27,1
1481.6,2
1481.77,1
1482.1,0
1482.12,17
1482.14,16
1482.16,15
1482.18,14
1482.21,13
1482.23,12
1482.26,11
1482.29,10
1482.32,9
1482.36,8
1482.4,7
1482.45,6
1482.51,5
1482.57,6
1482.63,5
1482.7,4
1482.78,3
1482.89,2
1483.06,1
1483.39,0
1483.56,1
1483.89,0
1484.06,1
1484.39,2
1484.56,1
1484.89,0
1485.06,1
1485.39,0
1485.56,1
1485.89,2
1486.06,1
1486.39,0
1486.56,1
1486.89,0
1487.06,1
1487.39,0
1487.44,6
1487.49,5
1487.56,4
1487.64,3
1487.75,2
1487.92,1
1488.25,0
1488.42,1
1488.75,2
1488.92,1
1489.25,2
1489.42,1
1489.75,2
1489.92,1
1490.25,2
1490.42,1
1490.75,0
1490.92,1
1491.25,0
1491.37,2
1491.53,3
1491.64,2
1491.81,1
1492.14,0
1492.25,2
1492.42,1
1492.75,2
1492.92,1
1493.25,2
1493.42,1
1493.75,0
1493.87,2
1494.03,3
1494.14,2
1494.31,1
1494.64,2
1494.81,1
1495.14,0
1495.17,13
1495.19,12
1495.22,11
1495.25,10
1495.28,9
1495.32,8
1495.36,7
1495.41,8
1495.45,7
1495.5,6
1495.56,5
1495.62,4
1495.71,3
1495.82,2
1495.98,1
1496.32,0
1496.48,1
1496.82,0
1496.98,1
1497.32,0
1497.48,1
1497.82,0
1497.98,1
1498.32,2
1498.48,3
1498.59,2
1498.76,1
1499.09,0
1499.26,1
1499.59,0
1499.68,3
1499.79,2
1499.96,1
1500.29,0
1500.46,1
1500.79,2
1500.96,1
1501.29,0
1501.46,3
1501.57,2
1501.73,1
1502.07,2
1502.23,1
1502.57,0
1502.57,81
1502.57,80
1502.58,79
1502.58,78
1502.59,77
1502.59,76
1502.6,75
1502.6,74
1502.6,73
1502.61,72
1502.61,71
1502.62,70
1502.62,69
1502.63,68
1502.63,67
1502.64,66
1502.64,65
1502.65,64
1502.65,63
1502.66,62
1502.66,61
1502.67,60
1502.68,59
1502.68,58
1502.69,57
1502.69,56
1502.7,55
1502.7,54
1502.71,53
1502.72,52
1502.72,51
1502.73,50
1502.74,49
1502.74,48
1502.75,47
1502.76,46
1502.76,45
1502.77,44
1502.78,43
1502.79,42
1502.8,41
1502.8,40
1502.81,39
1502.82,38
1502.83,37
1502.84,36
1502.85,35
1502.86,34
1502.87,33
1502.88,32
1502.89,31
1502.9,30
1502.91,31
1502.92,30
1502.93,29
1502.94,28
1502.95,27
1502.97,26
1502.98,25
1502.99,24
1503.01,23
1503.02,22
1503.04,21
1503.05,20
1503.07,19
1503.09,18
1503.11,17
1503.12,16
1503.15,15
1503.17,14
1503.19,13
1503.22,12
1503.25,11
1503.28,10
1503.31,9
1503.35,8
1503.39,7
1503.44,6
1503.49,5
1503.56,4
1503.64,3
1503.75,2
1503.92,3
1504.03,2
1504.2,1
1504.53,2
1504.7,1
1505.03,2
1505.2,3
1505.31,2
1505.47,1
1505.81,0
1505.97,3
1506.09,2
1506.25,1
1506.59,0
1506.75,1
1507.09,0
1507.09,67
1507.09,66
1507.1,65
1507.11,64
1507.11,63
1507.12,62
1507.12,61
1507.13,60
1507.13,59
1507.14,58
1507.14,57
1507.15,56
1507.16,55
1507.16,54
1507.17,53
1507.17,52
1507.18,51
1507.19,50
1507.19,49
1507.2,48
1507.21,47
1507.21,46
1507.22,45
1507.23,44
1507.24,43
1507.24,42
1507.25,41
1507.26,40
1507.27,39
1507.28,38
1507.29,37
1507.29,36
1507.3,35
1507.31,34
1507.32,33
1507.33,32
1507.34,31
1507.35,30
1507.37,29
1507.38,28
1507.39,27
1507.4,26
1507.41,25
1507.43,24
1507.44,23
1507.46,22
1507.47,21
1507.49,20
1507.5,19
1507.52,18
1507.54,17
1507.56,16
1507.58,15
1507.6,14
1507.63,13
1507.65,12
1507.68,11
1507.71,10
1507.74,9
1507.78,8
1507.82,7
1507.87,6
1507.93,5
1507.99,6
1508.05,5
1508.11,4
1508.2,3
1508.31,2
1508.48,1
1508.81,0
1508.92,2
1509.09,1
1509.42,2
1509.59,1
1509.92,2
1510.09,1
1510.42,0
1510.59,1
1510.92,0
1511.09,1
1511.42,0
1511.59,1
1511.92,2
1512.09,1
1512.42,2
1512.59,1
1512.92,0
1513.09,1
1513.42,2
1513.59,1
1513.92,0
1513.95,9
1513.99,8
1514.03,7
1514.08,6
1514.13,5
1514.2,4
1514.28,3
1514.4,2
1514.56,1
1514.9,0
1514.98,3
1515.09,2
1515.26,1
1515.59,2
1515.76,3
1515.87,2
1516.03,1
1516.37,0
1516.53,1
1516.87,2
1517.03,1
1517.37,0
1517.48,2
1517.65,3
1517.76,2
1517.92,1
1518.26,2
1518.42,3
1518.53,2
1518.7,1
1519.03,2
1519.2,1
1519.53,0
1519.7,1
1520.03,0
1520.2,1
1520.53,0
1520.65,4
1520.73,3
1520.84,2
1521.01,1
1521.34,2
1521.51,1
1521.84,0
1522.01,1
1522.34,2
1522.51,1
1522.84,0
1523.01,3
1523.12,4
1523.2,3
1523.31,2
1523.48,3
1523.59,2
1523.76,1
1524.09,2
1524.26,1
1524.59,0
1524.76,3
1524.87,2
1525.03,1
1525.37,2
1525.53,3
1525.65,4
1525.73,3
1525.84,2
1526.01,1
1526.34,0
1526.51,1
1526.84,2
1527.01,3
1527.12,2
1527.28,3
1527.4,2
1527.56,1
1527.9,2
1528.06,1
1528.4,0
1528.56,1
1528.9,0
1528.96,4
1529.05,3
1529.16,2
1529.32,1
1529.66,0
1529.69,9
1529.73,8
1529.77,7
1529.82,6
1529.87,5
1529.94,4
1530.02,3
1530.13,2
1530.3,1
1530.63,0
1530.8,3
1530.91,2
1531.08,1
1531.41,0
1531.58,1
1531.91,0
1532.08,1
1532.41,2
1532.58,3
1532.69,2
1532.86,3
1532.97,2
1533.13,1
1533.47,0
1533.63,1
1533.97,0
1534.13,1
1534.47,0
1534.63,3
1534.74,2
1534.91,1
1535.24,2
1535.41,1
1535.74,0
1535.91,3
1536.02,2
1536.19,1
1536.52,2
1536.69,1
1537.02,0
1537.19,1
1537.52,0
1537.69,1
1538.02,0
1538.19,1
1538.52,0
1538.69,1
1539.02,0
1539.19,1
1539.52,0
1539.63,2
1539.8,1
1540.13,0
1540.22,3
1540.33,2
1540.49,1
1540.83,2
1540.99,3
1541.11,4
1541.19,3
1541.3,2
1541.47,1
1541.8,0
1541.97,1
1542.3,0
1542.47,1
1542.8,2
1542.97,1
1543.3,0
1543.36,5
1543.42,6
1543.48,5
1543.54,6
1543.6,5
1543.67,4
1543.75,3
1543.86,2
1544.03,1
1544.36,0
1544.53,3
1544.64,2
1544.81,1
1545.14,0
1545.19,6
1545.24,5
1545.31,4
1545.39,3
1545.5,2
1545.67,1
1546,0
1546.17,1
1546.5,0
1546.67,3
1546.78,2
1546.95,3
1547.06,2
1547.23,1
1547.56,0
1547.63,4
1547.71,3
1547.82,2
1547.99,1
1548.32,0
1548.49,1
1548.82,0
1548.88,5
1548.94,4
1549.03,3
1549.14,2
1549.3,1
1549.64,0
1549.8,1
1550.14,2
1550.3,1
1550.64,0
1550.8,1
1551.14,0
1551.25,4
1551.33,3
1551.44,4
1551.53,3
1551.64,2
1551.8,3
1551.91,2
1552.08,1
1552.41,0
1552.58,1
1552.91,2
1553.08,1
1553.41,0
1553.58,1
1553.91,2
1554.08,1
1554.41,2
1554.58,1
1554.91,2
1555.08,1
1555.41,2
1555.58,1
1555.91,0
1556.08,1
1556.41,0
1556.47,5
1556.54,4
1556.62,3
1556.73,2
1556.9,3
1557.01,2
1557.18,3
1557.29,2
1557.45,1
1557.79,0
1557.95,1
1558.29,2
1558.45,1
1558.79,0
1558.95,1
1559.29,0
1559.45,1
1559.79,0
1559.95,1
1560.29,0
1560.45,1
1560.79,0
1560.95,1
1561.29,0
1561.35,4
1561.44,3
1561.55,2
1561.71,1
1562.05,0
1562.06,31
1562.07,30
1562.08,29
1562.09,28
1562.1,27
1562.12,26
1562.13,25
1562.14,24
1562.16,23
1562.17,22
1562.19,21
1562.2,20
1562.22,19
1562.24,18
1562.25,17
1562.27,16
1562.29,15
1562.32,14
1562.34,13
1562.37,12
1562.39,11
1562.42,10
1562.46,9
1562.49,8
1562.54,7
1562.58,6
1562.64,5
1562.71,4
1562.79,3
1562.9,2
1563.07,1
1563.4,0
1563.57,3
1563.68,2
1563.85,1
1564.18,0
1564.35,1
1564.68,2
1564.85,1
1565.18,0
1565.35,1
1565.68,2
1565.85,1
1566.18,0
1566.35,1
1566.68,0
1566.85,1
1567.18,2
1567.35,1
1567.68,0
1567.85,1
1568.18,0
1568.29,2
1568.46,1
1568.79,2
1568.96,1
1569.29,2
1569.46,3
1569.57,2
1569.73,1
1570.07,0
1570.23,1
1570.57,0
1570.73,1
1571.07,0
1571.23,1
1571.57,2
1571.73,1
1572.07,0
1572.23,3
1572.35,2
1572.51,1
1572.85,0
1572.9,5
1572.97,4
1573.05,3
1573.16,2
1573.33,1
1573.66,2
1573.83,1
1574.16,2
1574.33,1
1574.66,2
1574.83,3
