0.02,0.98
0.04,0.9604
0.06,0.941192
0.08,0.922368
0.1,0.903921
0.12,0.885842
0.14,0.868126
0.16,0.850763
0.18,0.833748
0.2,0.817073
0.22,0.800731
0.24,0.784717
0.26,0.769022
0.28,0.753642
0.3,0.738569
0.32,0.723798
0.34,0.709322
0.36,0.695135
0.38,0.681233
0.4,0.667608
0.42,0.654256
0.44,0.641171
0.46,0.628347
0.48,0.61578
0.5,0.603465
0.52,0.591395
0.54,0.579568
0.56,0.567976
0.58,0.556617
0.6,0.545484
0.62,0.534575
0.64,0.523883
0.66,0.513405
0.68,0.503137
0.7,0.493075
0.72,0.483213
0.74,0.473549
0.76,0.464078
0.78,0.454796
0.8,0.4457
0.82,0.436786
0.84,0.428051
0.86,0.41949
0.88,0.4111
0.9,0.402878
0.92,0.39482
0.94,0.386924
0.96,0.379185
0.98,0.371602
1,0.36417
1.02,0.356886
1.04,0.349749
1.06,0.342754
1.08,0.335899
1.1,0.329181
1.12,0.322597
1.14,0.316145
1.16,0.309822
1.18,0.303626
1.2,0.297553
1.22,0.291602
1.24,0.28577
1.26,0.280055
1.28,0.274454
1.3,0.268964
1.32,0.263585
1.34,0.258313
1.36,0.253147
1.38,0.248084
1.4,0.243123
1.42,0.23826
1.44,0.233495
1.46,0.228825
1.48,0.224249
1.5,0.219764
1.52,0.215368
1.54,0.211061
1.56,0.20684
1.58,0.202703
1.6,1.2027
1.62,1.17865
1.64,1.15508
1.66,1.13197
1.68,1.10933
1.7,1.08715
1.72,1.06541
1.74,1.0441
1.76,1.02322
1.78,1.00275
1.8,0.982696
1.82,0.963042
1.84,0.943781
1.86,0.924905
1.88,0.906407
1.9,0.888279
1.92,0.870514
1.94,0.853103
1.96,0.836041
1.98,0.81932
2,0.802934
2.02,0.786875
2.04,0.771138
2.06,0.755715
2.08,0.740601
2.1,0.725789
2.12,0.711273
2.14,0.697048
2.16,0.683107
2.18,0.669444
2.2,0.656056
2.22,0.642934
2.24,0.630076
2.26,0.617474
2.28,0.605125
2.3,0.593022
2.32,0.581162
2.34,0.569539
2.36,0.558148
2.38,0.546985
2.4,0.536045
2.42,0.525324
2.44,0.514818
2.46,0.504521
2.48,0.494431
2.5,0.484542
2.52,0.474852
2.54,0.465355
2.56,0.456047
2.58,0.446926
2.6,0.437988
2.62,0.429228
2.64,0.420644
2.66,0.412231
2.68,0.403986
2.7,0.395906
2.72,0.387988
2.74,0.380229
2.76,0.372624
2.78,0.365171
2.8,0.357868
2.82,0.350711
2.84,0.343696
2.86,0.336823
2.88,0.330086
2.9,1.33009
2.92,1.30348
2.94,1.27741
2.96,1.25187
2.98,1.22683
3,1.20229
3.02,1.17825
3.04,1.15468
3.06,1.13159
3.08,1.10896
3.1,1.08678
3.12,1.06504
3.14,1.04374
3.16,1.02287
3.18,1.00241
3.2,0.98236
3.22,0.962713
3.24,0.943459
3.26,0.92459
3.28,0.906098
3.3,0.887976
3.32,0.870217
3.34,0.852812
3.36,0.835756
3.38,0.819041
3.4,0.80266
3.42,0.786607
3.44,0.770875
3.46,0.755457
3.48,0.740348
3.5,0.725541
3.52,0.71103
3.54,0.69681
3.56,0.682873
3.58,0.669216
3.6,0.655832
3.62,0.642715
3.64,0.629861
3.66,0.617264
3.68,0.604918
3.7,0.59282
3.72,0.580964
3.74,0.569344
3.76,0.557957
3.78,0.546798
3.8,0.535862
3.82,0.525145
3.84,0.514642
3.86,0.504349
3.88,0.494262
3.9,0.484377
3.92,0.474689
3.94,0.465196
3.96,0.455892
3.98,0.446774
4,0.437838
4.02,0.429082
4.04,0.4205
4.06,0.41209
4.08,0.403848
4.1,0.395771
4.12,0.387856
4.14,0.380099
4.16,0.372497
4.18,0.365047
4.2,0.357746
4.22,0.350591
4.24,0.343579
4.26,0.336708
4.28,0.329973
4.3,0.323374
4.32,0.316906
4.34,0.310568
4.36,0.304357
4.38,0.29827
4.4,0.292304
4.42,0.286458
4.44,0.280729
4.46,0.275115
4.48,0.269612
4.5,0.26422
4.52,0.258936
4.54,0.253757
4.56,0.248682
4.58,0.243708
4.6,0.238834
4.62,0.234057
4.64,0.229376
4.66,0.224789
4.68,0.220293
4.7,0.215887
4.72,0.211569
4.74,0.207338
4.76,0.203191
4.78,0.199127
4.8,0.195145
4.82,0.191242
4.84,0.187417
4.86,0.183669
4.88,0.179995
4.9,0.176395
4.92,0.172868
4.94,0.16941
4.96,0.166022
4.98,0.162702
5,0.159447
5.02,0.156259
5.04,0.153133
5.06,0.150071
5.08,0.147069
5.1,0.144128
5.12,0.141245
5.14,0.13842
5.16,0.135652
5.18,0.132939
5.2,0.13028
5.22,0.127675
5.24,0.125121
5.26,0.122619
5.28,0.120166
5.3,0.117763
5.32,0.115408
5.34,0.1131
5.36,0.110838
5.38,0.108621
5.4,0.106448
5.42,0.104319
5.44,0.102233
5.46,0.100188
5.48,0.0981846
5.5,0.0962209
5.52,0.0942965
5.54,0.0924106
5.56,0.0905624
5.58,0.0887511
5.6,0.0869761
5.62,0.0852366
5.64,0.0835319
5.66,0.0818612
5.68,0.080224
5.7,0.0786195
5.72,0.0770471
5.74,0.0755062
5.76,0.0739961
5.78,0.0725161
5.8,0.0710658
5.82,0.0696445
5.84,0.0682516
5.86,0.0668866
5.88,0.0655488
5.9,0.0642379
5.92,0.0629531
5.94,0.061694
5.96,0.0604602
5.98,0.059251
6,0.0580659
6.02,0.0569046
6.04,0.0557665
6.06,0.0546512
6.08,0.0535582
6.1,0.052487
6.12,0.0514373
6.14,0.0504085
6.16,0.0494004
6.18,0.0484123
6.2,0.0474441
6.22,0.0464952
6.24,0.0455653
6.26,0.044654
6.28,0.0437609
6.3,0.0428857
6.32,0.042028
6.34,0.0411874
6.36,0.0403637
6.38,0.0395564
6.4,0.0387653
6.42,0.03799
6.44,0.0372302
6.46,0.0364856
6.48,0.0357559
6.5,0.0350407
6.52,0.0343399
6.54,0.0336531
6.56,0.0329801
6.58,0.0323205
6.6,0.0316741
6.62,0.0310406
6.64,0.0304198
6.66,0.0298114
6.68,0.0292151
6.7,0.0286308
6.72,0.0280582
6.74,0.0274971
6.76,0.0269471
6.78,0.0264082
6.8,0.02588
6.82,0.0253624
6.84,0.0248552
6.86,0.0243581
6.88,0.0238709
6.9,0.0233935
6.92,0.0229256
6.94,0.0224671
6.96,0.0220178
6.98,0.0215774
7,0.0211459
7.02,0.0207229
7.04,0.0203085
7.06,0.0199023
7.08,0.0195043
7.1,0.0191142
7.12,0.0187319
7.14,0.0183573
7.16,0.0179901
7.18,0.0176303
7.2,0.0172777
7.22,0.0169321
7.24,0.0165935
7.26,0.0162616
7.28,0.0159364
7.3,0.0156177
7.32,0.0153053
7.34,0.0149992
7.36,0.0146992
7.38,0.0144052
7.4,0.0141171
7.42,0.0138348
7.44,0.0135581
7.46,0.0132869
7.48,0.0130212
7.5,0.0127608
7.52,0.0125056
7.54,0.0122555
7.56,0.0120103
7.58,0.0117701
7.6,0.0115347
7.62,0.011304
7.64,0.011078
7.66,0.0108564
7.68,0.0106393
7.7,0.0104265
7.72,0.010218
7.74,0.0100136
7.76,0.00981332
7.78,0.00961706
7.8,0.00942472
7.82,0.00923622
7.84,0.0090515
7.86,0.00887047
7.88,0.00869306
7.9,0.0085192
7.92,0.00834881
7.94,0.00818184
7.96,0.0080182
7.98,0.00785784
8,0.00770068
8.02,0.00754667
8.04,0.00739573
8.06,0.00724782
8.08,0.00710286
8.1,0.0069608
8.12,0.00682159
8.14,0.00668516
8.16,0.00655145
8.18,0.00642042
8.2,0.00629202
8.22,0.00616618
8.24,0.00604285
8.26,0.00592199
8.28,0.00580356
8.3,0.00568748
8.32,0.00557373
8.34,0.00546226
8.36,0.00535301
8.38,0.00524595
8.4,0.00514104
8.42,0.00503821
8.44,0.00493745
8.46,0.0048387
8.48,0.00474193
8.5,0.00464709
8.52,0.00455415
8.54,0.00446306
8.56,0.0043738
8.58,0.00428633
8.6,0.0042006
8.62,0.00411659
8.64,1.00412
8.66,0.984034
8.68,0.964354
8.7,0.945066
8.72,0.926165
8.74,0.907642
8.76,0.889489
8.78,0.871699
8.8,0.854265
8.82,0.83718
8.84,0.820436
8.86,0.804028
8.88,0.787947
8.9,0.772188
8.92,0.756744
8.94,0.741609
8.96,0.726777
8.98,0.712242
9,0.697997
9.02,0.684037
9.04,0.670356
9.06,0.656949
9.08,0.64381
9.1,0.630934
9.12,0.618315
9.14,0.605949
9.16,0.59383
9.18,0.581953
9.2,0.570314
9.22,0.558908
9.24,0.54773
9.26,0.536775
9.28,0.52604
9.3,0.515519
9.32,0.505209
9.34,0.495104
9.36,0.485202
9.38,0.475498
9.4,0.465988
9.42,0.456669
9.44,0.447535
9.46,0.438584
9.48,0.429813
9.5,0.421217
9.52,0.412792
9.54,0.404536
9.56,0.396446
9.58,0.388517
9.6,0.380746
9.62,0.373131
9.64,0.365669
9.66,0.358355
9.68,0.351188
9.7,0.344165
9.72,0.337281
9.74,0.330536
9.76,0.323925
9.78,0.317446
9.8,0.311098
9.82,0.304876
9.84,0.298778
9.86,0.292802
9.88,0.286946
9.9,0.281208
9.92,0.275583
9.94,0.270072
9.96,0.26467
9.98,0.259377
10,0.254189
10.02,0.249106
