0.01,0.99
0.02,0.9801
0.03,0.970299
0.04,0.960596
0.05,0.95099
0.06,0.94148
0.07,0.932065
0.08,0.922745
0.09,0.913517
0.1,0.904382
0.11,0.895338
0.12,0.886385
0.13,0.877521
0.14,0.868746
0.15,0.860058
0.16,0.851458
0.17,0.842943
0.18,0.834514
0.19,0.826169
0.2,0.817907
0.21,0.809728
0.22,0.801631
0.23,0.793614
0.24,0.785678
0.25,0.777821
0.26,0.770043
0.27,0.762343
0.28,0.754719
0.29,0.747172
0.3,0.7397
0.31,0.732303
0.32,0.72498
0.33,0.717731
0.34,0.710553
0.35,0.703448
0.36,0.696413
0.37,0.689449
0.38,0.682555
0.39,0.675729
0.4,0.668972
0.41,0.662282
0.42,0.655659
0.43,0.649103
0.44,0.642612
0.45,0.636185
0.46,0.629824
0.47,0.623525
0.48,0.61729
0.49,0.611117
0.5,0.605006
0.51,0.598956
0.52,0.592966
0.53,0.587037
0.54,0.581166
0.55,0.575355
0.56,0.569601
0.57,0.563905
0.58,0.558266
0.59,0.552683
0.6,0.547157
0.61,0.541685
0.62,0.536268
0.63,0.530906
0.64,0.525596
0.65,0.520341
0.66,0.515137
0.67,0.509986
0.68,0.504886
0.69,0.499837
0.7,0.494839
0.71,0.48989
0.72,0.484991
0.73,0.480141
0.74,0.47534
0.75,0.470587
0.76,0.465881
0.77,0.461222
0.78,0.45661
0.79,0.452044
0.8,0.447523
0.81,0.443048
0.82,0.438618
0.83,0.434231
0.84,0.429889
0.85,0.42559
0.86,0.421334
0.87,0.417121
0.88,0.41295
0.89,-0.58705
0.9,-0.58118
0.91,-0.575368
0.92,-0.569614
0.93,-0.563918
0.94,-0.558279
0.95,-0.552696
0.96,-0.547169
0.97,-0.541698
0.98,-0.536281
0.99,-0.530918
1,-0.525609
1.01,-0.520353
1.02,-0.515149
1.03,-0.509998
1.04,-0.504898
1.05,-0.499849
1.06,-0.49485
1.07,-0.489902
1.08,-0.485003
1.09,-0.480153
1.1,-0.475351
1.11,-0.470598
1.12,-0.465892
1.13,-0.461233
1.14,-0.45662
1.15,-0.452054
1.16,-0.447534
1.17,-0.443058
1.18,-0.438628
1.19,-0.434241
1.2,-0.429899
1.21,-0.4256
1.22,-0.421344
1.23,-0.417131
1.24,-0.412959
1.25,-0.40883
1.26,-0.404741
1.27,-0.400694
1.28,-0.396687
1.29,-0.39272
1.3,-0.388793
1.31,-0.384905
1.32,-0.381056
1.33,-0.377245
1.34,-0.373473
1.35,-0.369738
1.36,-0.366041
1.37,-0.36238
1.38,-0.358757
1.39,-0.355169
1.4,-0.351617
1.41,-0.348101
1.42,-0.34462
1.43,-0.341174
1.44,-0.337762
1.45,-0.334385
1.46,-0.331041
1.47,-0.32773
1.48,-0.324453
1.49,-0.321208
1.5,-0.317996
1.51,-0.314816
1.52,-0.311668
1.53,-0.308552
1.54,-0.305466
1.55,-0.302411
1.56,-0.299387
1.57,-0.296393
1.58,-0.293429
1.59,-0.290495
1.6,-0.28759
1.61,-0.284714
1.62,-0.281867
1.63,-0.279049
1.64,-0.276258
1.65,-0.273495
1.66,-0.270761
1.67,-0.268053
1.68,-0.265372
1.69,-0.262719
1.7,-0.260091
1.71,-0.257491
1.72,-0.254916
1.73,-0.252366
1.74,-0.249843
1.75,-0.247344
1.76,-0.244871
1.77,-0.242422
1.78,-0.239998
1.79,-0.237598
1.8,-0.235222
1.81,-0.23287
1.82,-0.230541
1.83,-0.228236
1.84,-0.225953
1.85,-0.223694
1.86,-0.221457
1.87,-0.219242
1.88,-0.21705
1.89,-0.214879
1.9,-0.212731
1.91,-0.210603
1.92,-0.208497
1.93,-0.206412
1.94,-0.204348
1.95,-0.202305
1.96,-0.200282
1.97,-0.198279
1.98,-0.196296
1.99,-0.194333
2,-0.19239
2.01,-0.190466
2.02,-0.188561
2.03,-0.186676
2.04,-0.184809
2.05,-0.182961
2.06,-0.181131
2.07,-0.17932
2.08,-0.177527
2.09,-0.175751
2.1,-0.173994
2.11,-0.172254
2.12,-0.170531
2.13,-0.168826
2.14,-0.167138
2.15,-0.165466
2.16,-0.163812
2.17,-0.162174
2.18,-0.160552
2.19,-0.158946
2.2,-0.157357
2.21,-0.155783
2.22,-0.154226
2.23,-0.152683
2.24,-0.151156
2.25,-0.149645
2.26,-0.148148
2.27,-0.146667
2.28,-0.1452
2.29,-0.143748
2.3,-0.142311
2.31,-0.140888
2.32,-0.139479
2.33,-0.138084
2.34,-0.136703
2.35,-0.135336
2.36,-0.133983
2.37,-0.132643
2.38,-0.131317
2.39,-0.130003
2.4,-0.128703
2.41,-0.127416
2.42,-0.126142
2.43,-0.124881
2.44,-0.123632
2.45,-0.122396
2.46,-0.121172
2.47,-0.11996
2.48,-0.11876
2.49,-0.117573
2.5,-0.116397
2.51,-0.115233
2.52,-0.114081
2.53,-0.11294
2.54,-0.11181
2.55,-0.110692
2.56,-0.109585
2.57,-0.10849
2.58,-0.107405
2.59,-0.106331
2.6,-0.105267
2.61,-0.104215
2.62,-0.103173
2.63,-0.102141
2.64,-0.101119
2.65,-0.100108
2.66,-0.0991071
2.67,-0.098116
2.68,-0.0971349
2.69,-0.0961635
2.7,-0.0952019
2.71,-0.0942499
2.72,-0.0933074
2.73,-0.0923743
2.74,-0.0914506
2.75,-0.090536
2.76,-0.0896307
2.77,-0.0887344
2.78,-0.087847
2.79,-0.0869686
2.8,-0.0860989
2.81,-0.0852379
2.82,-0.0843855
2.83,-0.0835417
2.84,-0.0827062
2.85,-0.0818792
2.86,-0.0810604
2.87,-0.0802498
2.88,-0.0794473
2.89,-0.0786528
2.9,-0.0778663
2.91,-0.0770876
2.92,-0.0763167
2.93,-0.0755536
2.94,-0.074798
2.95,-0.0740501
2.96,-0.0733096
2.97,-0.0725765
2.98,-0.0718507
2.99,-0.0711322
3,-0.0704209
3.01,-0.0697167
3.02,-0.0690195
3.03,-0.0683293
3.04,-0.067646
3.05,-0.0669695
3.06,-0.0662999
3.07,-0.0656369
3.08,-0.0649805
3.09,-0.0643307
3.1,-0.0636874
3.11,-0.0630505
3.12,-0.06242
3.13,-0.0617958
3.14,-0.0611778
3.15,-0.0605661
3.16,-0.0599604
3.17,-0.0593608
3.18,-0.0587672
3.19,-0.0581795
3.2,-0.0575977
3.21,-0.0570217
3.22,-0.0564515
3.23,-0.055887
3.24,-0.0553281
3.25,-0.0547749
3.26,-0.0542271
3.27,-0.0536848
3.28,-0.053148
3.29,-0.0526165
3.3,-0.0520903
3.31,-0.0515694
3.32,-0.0510537
3.33,-0.0505432
3.34,-0.0500378
3.35,-0.0495374
3.36,-0.049042
3.37,-0.0485516
3.38,-0.0480661
3.39,-0.0475854
3.4,-0.0471096
3.41,-0.0466385
3.42,-0.0461721
3.43,-0.0457104
3.44,-0.0452533
3.45,-0.0448007
3.46,-0.0443527
3.47,-0.0439092
3.48,-0.0434701
3.49,-0.0430354
3.5,-0.0426051
3.51,-0.042179
3.52,-0.0417572
3.53,-0.0413396
3.54,-0.0409262
3.55,-0.040517
3.56,-0.0401118
3.57,-0.0397107
3.58,-0.0393136
3.59,-0.0389205
3.6,-0.0385312
3.61,-0.0381459
3.62,-0.0377645
3.63,-0.0373868
3.64,-0.037013
3.65,-0.0366428
3.66,-0.0362764
3.67,-0.0359136
3.68,-0.0355545
3.69,-0.035199
3.7,-0.034847
3.71,-0.0344985
3.72,-0.0341535
3.73,-0.033812
3.74,-0.0334739
3.75,-0.0331391
3.76,-0.0328077
3.77,-0.0324797
3.78,-0.0321549
3.79,-0.0318333
3.8,-0.031515
3.81,-0.0311998
3.82,-0.0308878
3.83,-0.0305789
3.84,-0.0302732
3.85,-0.0299704
3.86,-0.0296707
3.87,-0.029374
3.88,-0.0290803
3.89,-0.0287895
3.9,-0.0285016
3.91,-0.0282166
3.92,-0.0279344
3.93,-0.0276551
3.94,-0.0273785
3.95,-0.0271047
3.96,-0.0268337
3.97,-0.0265653
3.98,-0.0262997
3.99,-0.0260367
4,-0.0257763
4.01,-0.0255186
4.02,-0.0252634
4.03,-0.0250107
4.04,-0.0247606
4.05,-0.024513
4.06,-0.0242679
4.07,-0.0240252
4.08,-0.023785
4.09,-0.0235471
4.1,-0.0233116
4.11,-0.0230785
4.12,-0.0228477
4.13,-0.0226193
4.14,-0.0223931
4.15,-0.0221691
4.16,-0.0219474
4.17,-0.021728
4.18,-0.0215107
4.19,-0.0212956
4.2,-0.0210826
4.21,-0.0208718
4.22,-0.0206631
4.23,-0.0204565
4.24,-0.0202519
4.25,-0.0200494
4.26,-0.0198489
4.27,-0.0196504
4.28,-0.0194539
4.29,-0.0192593
4.3,-0.0190668
4.31,-0.0188761
4.32,-0.0186873
4.33,-0.0185004
4.34,-0.0183154
4.35,-0.0181323
4.36,-0.017951
4.37,-0.0177715
4.38,-0.0175937
4.39,-0.0174178
4.4,-0.0172436
4.41,-0.0170712
4.42,-0.0169005
4.43,-0.0167315
4.44,-0.0165642
4.45,-0.0163985
4.46,-0.0162345
4.47,-0.0160722
4.48,-0.0159115
4.49,-0.0157524
4.5,-0.0155948
4.51,-0.0154389
4.52,-0.0152845
4.53,-0.0151316
4.54,-0.0149803
4.55,-0.0148305
4.56,-0.0146822
4.57,-0.0145354
4.58,-0.01439
4.59,-0.0142461
4.6,-0.0141037
4.61,-0.0139626
4.62,-0.013823
4.63,-0.0136848
4.64,-0.0135479
4.65,-0.0134125
4.66,-0.0132783
4.67,-0.0131456
4.68,-0.0130141
4.69,-0.012884
4.7,-0.0127551
4.71,-0.0126276
4.72,-0.0125013
4.73,-0.0123763
4.74,-0.0122525
4.75,-0.01213
4.76,-0.0120087
4.77,-0.0118886
4.78,-0.0117697
4.79,-0.011652
4.8,-0.0115355
4.81,-0.0114201
4.82,-0.0113059
4.83,-0.0111929
4.84,-0.011081
4.85,-0.0109701
4.86,-0.0108604
4.87,-0.0107518
4.88,-0.0106443
4.89,-0.0105379
4.9,-0.0104325
4.91,-0.0103282
4.92,-0.0102249
4.93,-0.0101226
4.94,-0.0100214
4.95,-0.0099212
4.96,-0.00982199
4.97,-0.00972377
4.98,-0.00962653
4.99,-0.00953027
5,-0.00943497
5.01,-0.00934062
5.02,-0.00924721
5.03,-0.00915474
5.04,-0.00906319
5.05,-0.00897256
5.06,-0.00888283
5.07,-0.008794
5.08,-0.00870606
5.09,-0.008619
5.1,-0.00853281
5.11,-0.00844749
5.12,-0.00836301
5.13,-0.00827938
5.14,-0.00819659
5.15,-0.00811462
5.16,-0.00803347
5.17,-0.00795314
5.18,-0.00787361
5.19,-0.00779487
5.2,-0.00771692
5.21,-0.00763975
5.22,-0.00756336
5.23,-0.00748772
5.24,-0.00741285
5.25,-0.00733872
5.26,-0.00726533
5.27,-0.00719268
5.28,-0.00712075
5.29,-0.00704954
5.3,-0.00697905
5.31,-0.00690926
5.32,-0.00684016
5.33,-0.00677176
5.34,-0.00670405
5.35,-0.006637
5.36,-0.00657063
5.37,-0.00650493
5.38,-1.0065
5.39,-0.99644
5.4,-0.986475
5.41,-0.976611
5.42,-0.966845
5.43,-0.957176
5.44,-0.947604
5.45,-0.938128
5.46,-0.928747
5.47,-0.91946
5.48,-0.910265
5.49,-0.901162
5.5,-0.892151
5.51,-0.883229
5.52,-0.874397
5.53,-1.8744
5.54,-1.85565
5.55,-1.8371
5.56,-1.81873
5.57,-1.80054
5.58,-1.78253
5.59,-1.76471
5.6,-1.74706
5.61,-1.72959
5.62,-1.71229
5.63,-1.69517
5.64,-1.67822
5.65,-1.66144
5.66,-1.64482
5.67,-1.62837
5.68,-1.61209
5.69,-1.59597
5.7,-1.58001
5.71,-1.56421
5.72,-1.54857
5.73,-1.53308
5.74,-1.51775
5.75,-1.50257
5.76,-1.48755
5.77,-1.47267
5.78,-1.45795
5.79,-1.44337
5.8,-1.42893
5.81,-1.41464
5.82,-1.4005
5.83,-1.38649
5.84,-1.37263
5.85,-1.3589
5.86,-1.34531
5.87,-1.33186
5.88,-1.31854
5.89,-1.30535
5.9,-1.2923
5.91,-1.27938
5.92,-1.26658
5.93,-1.25392
5.94,-1.24138
5.95,-1.22897
5.96,-1.21668
5.97,-1.20451
5.98,-1.19246
5.99,-1.18054
6,-1.16873
6.01,-1.15705
6.02,-1.14548
6.03,-1.13402
6.04,-1.12268
6.05,-1.11145
6.06,-1.10034
6.07,-1.08934
6.08,-1.07844
6.09,-1.06766
6.1,-1.05698
6.11,-1.04641
6.12,-1.03595
6.13,-1.02559
6.14,-1.01533
6.15,-1.00518
6.16,-0.995128
6.17,-0.985176
6.18,-0.975325
6.19,-0.965571
6.2,-0.955916
6.21,-0.946357
6.22,-0.936893
6.23,-0.927524
6.24,-0.918249
6.25,-0.909066
6.26,-0.899976
6.27,-0.890976
6.28,-0.882066
6.29,-0.873246
6.3,-0.864513
6.31,-0.855868
6.32,-0.847309
6.33,-0.838836
6.34,-0.830448
6.35,-0.822143
6.36,-0.813922
6.37,-0.805783
6.38,-0.797725
6.39,-0.789748
6.4,-0.78185
6.41,-0.774032
6.42,-0.766291
6.43,-0.758628
6.44,-0.751042
6.45,-0.743532
6.46,-0.736096
6.47,-0.728735
6.48,-0.721448
6.49,-0.714234
6.5,-0.707091
6.51,-0.70002
6.52,-0.69302
6.53,-0.68609
6.54,-0.679229
6.55,-0.672437
6.56,-0.665712
6.57,-0.659055
6.58,-0.652465
6.59,-0.64594
6.6,-0.639481
6.61,-0.633086
6.62,-0.626755
6.63,-0.620487
6.64,-0.614283
6.65,-0.60814
6.66,-0.602058
6.67,-0.596038
6.68,-0.590077
6.69,-0.584177
6.7,-0.578335
6.71,-0.572551
6.72,-0.566826
6.73,-0.561158
6.74,-0.555546
6.75,-0.549991
6.76,-0.544491
6.77,-0.539046
6.78,-0.533655
6.79,-0.528319
6.8,-0.523036
6.81,-0.517805
6.82,-0.512627
6.83,-0.507501
6.84,-0.502426
6.85,-0.497402
6.86,-0.492428
6.87,-0.487503
6.88,-0.482628
6.89,-0.477802
6.9,-0.473024
6.91,-0.468294
6.92,-0.463611
6.93,-0.458975
6.94,-0.454385
6.95,-0.449841
6.96,-0.445343
6.97,-0.440889
6.98,-0.43648
6.99,-0.432116
7,-0.427794
7.01,-0.423517
7.02,-0.419281
7.03,-0.415089
7.04,-0.410938
7.05,-0.406828
7.06,-0.40276
7.07,-0.398732
7.08,-0.394745
7.09,-0.390798
7.1,-0.38689
7.11,-0.383021
7.12,-0.379191
7.13,-0.375399
7.14,-0.371645
7.15,-0.367928
7.16,-0.364249
7.17,-0.360606
7.18,-0.357
7.19,-0.35343
7.2,-0.349896
7.21,-0.346397
7.22,-0.342933
7.23,-0.339504
7.24,-0.336109
7.25,-0.332748
7.26,-0.32942
7.27,-0.326126
7.28,-0.322865
7.29,-0.319636
7.3,-0.31644
7.31,-0.313275
7.32,-0.310143
7.33,-0.307041
7.34,-0.303971
7.35,-0.300931
7.36,-0.297922
7.37,-0.294943
7.38,-0.291993
7.39,-0.289073
7.4,-0.286182
7.41,-0.283321
7.42,-0.280487
7.43,-0.277683
7.44,-0.274906
7.45,-0.272157
7.46,-0.269435
7.47,-0.266741
7.48,-0.264073
7.49,-0.261433
7.5,-0.258818
7.51,-0.25623
7.52,-0.253668
7.53,-0.251131
7.54,-0.24862
7.55,-0.246134
7.56,-0.243672
7.57,-0.241236
7.58,-0.238823
7.59,-0.236435
7.6,-0.234071
7.61,-0.23173
7.62,-0.229413
7.63,-0.227118
7.64,-0.224847
7.65,-0.222599
7.66,-0.220373
7.67,-0.218169
7.68,-0.215987
7.69,-0.213828
7.7,-0.211689
7.71,-0.209572
7.72,-0.207477
7.73,-0.205402
7.74,-0.203348
7.75,-0.201314
7.76,-0.199301
7.77,-0.197308
7.78,-0.195335
7.79,-0.193382
7.8,-0.191448
7.81,-0.189533
7.82,-0.187638
7.83,-0.185762
7.84,-0.183904
7.85,-0.182065
7.86,-0.180244
7.87,-0.178442
7.88,-0.176658
7.89,-0.174891
7.9,-0.173142
7.91,-0.171411
7.92,-0.169697
7.93,-0.168
7.94,-0.16632
7.95,-0.164656
7.96,-0.16301
7.97,-0.16138
7.98,-0.159766
7.99,-0.158168
8,-0.156587
8.01,-0.155021
8.02,-0.153471
8.03,-0.151936
8.04,-0.150416
8.05,-0.148912
8.06,-0.147423
8.07,-0.145949
8.08,-0.144489
8.09,-0.143045
8.1,-0.141614
8.11,-0.140198
8.12,-0.138796
8.13,-0.137408
8.14,-0.136034
8.15,-0.134674
8.16,-0.133327
8.17,-0.131994
8.18,-0.130674
8.19,-0.129367
8.2,-0.128073
8.21,-0.126793
8.22,-0.125525
8.23,-0.124269
8.24,-0.123027
8.25,-0.121796
8.26,-0.120578
8.27,-0.119373
8.28,-0.118179
8.29,-0.116997
8.3,-0.115827
8.31,-0.114669
8.32,-0.113522
8.33,-0.112387
8.34,-0.111263
8.35,-0.11015
8.36,-0.109049
8.37,-0.107958
8.38,-0.106879
8.39,-0.10581
8.4,-0.104752
8.41,-0.103705
8.42,-0.102667
8.43,-0.101641
8.44,-0.100624
8.45,-0.0996181
8.46,-0.0986219
8.47,-0.0976357
8.48,-0.0966594
8.49,-0.0956928
8.5,-0.0947359
8.51,-0.0937885
8.52,-0.0928506
8.53,-0.0919221
8.54,-0.0910029
8.55,-0.0900929
8.56,-0.0891919
8.57,-0.0883
8.58,-0.087417
8.59,-0.0865428
8.6,-0.0856774
8.61,-0.0848206
8.62,-0.0839724
8.63,-0.0831327
8.64,-0.0823014
8.65,-0.0814784
8.66,-0.0806636
8.67,-0.0798569
8.68,-0.0790584
8.69,-0.0782678
8.7,-0.0774851
8.71,-0.0767103
8.72,-0.0759432
8.73,-0.0751837
8.74,-0.0744319
8.75,-0.0736876
8.76,-0.0729507
8.77,-0.0722212
8.78,-0.071499
8.79,-0.070784
8.8,-0.0700761
8.81,-0.0693754
8.82,-0.0686816
8.83,-0.0679948
8.84,-0.0673149
8.85,-0.0666417
8.86,-0.0659753
8.87,-0.0653155
8.88,-0.0646624
8.89,-0.0640158
8.9,-0.0633756
8.91,-0.0627419
8.92,-0.0621144
8.93,-0.0614933
8.94,-0.0608784
8.95,-0.0602696
8.96,-0.0596669
8.97,-0.0590702
8.98,-0.0584795
8.99,-0.0578947
9,-0.0573158
9.01,-0.0567426
9.02,-0.0561752
9.03,-0.0556134
9.04,-0.0550573
9.05,-0.0545067
9.06,-0.0539617
9.07,-0.053422
9.08,-0.0528878
9.09,-0.0523589
9.1,-0.0518354
9.11,-0.051317
9.12,-0.0508038
9.13,-0.0502958
9.14,-0.0497928
9.15,-0.0492949
9.16,-0.048802
9.17,-0.0483139
9.18,-0.0478308
9.19,-0.0473525
9.2,-0.046879
9.21,-0.0464102
9.22,-0.0459461
9.23,-0.0454866
9.24,-0.0450317
9.25,-0.0445814
9.26,-0.0441356
9.27,-0.0436943
9.28,-0.0432573
9.29,-0.0428247
9.3,-0.0423965
9.31,-0.0419725
9.32,-0.0415528
9.33,-0.0411373
9.34,-0.0407259
9.35,-0.0403186
9.36,-0.0399155
9.37,-0.0395163
9.38,-0.0391211
9.39,-0.0387299
9.4,-0.0383426
9.41,-0.0379592
9.42,-0.0375796
9.43,-0.0372038
9.44,-0.0368318
9.45,-0.0364635
9.46,-0.0360988
9.47,-0.0357378
9.48,-0.0353805
9.49,-0.0350267
9.5,-0.0346764
9.51,-0.0343296
9.52,-0.0339863
9.53,-0.0336465
9.54,-0.03331
9.55,-0.0329769
9.56,-0.0326471
9.57,0.967353
9.58,0.957679
9.59,0.948103
9.6,0.938622
9.61,0.929235
9.62,0.919943
9.63,0.910744
9.64,0.901636
9.65,0.89262
9.66,0.883694
9.67,0.874857
9.68,0.866108
9.69,0.857447
9.7,0.848872
9.71,0.840384
9.72,0.83198
9.73,0.82366
9.74,0.815424
9.75,0.807269
9.76,0.799197
9.77,0.791205
9.78,0.783293
9.79,0.77546
9.8,0.767705
9.81,0.760028
9.82,0.752428
9.83,0.744903
9.84,0.737454
9.85,0.73008
9.86,0.722779
9.87,0.715551
9.88,0.708396
9.89,0.701312
9.9,0.694299
9.91,0.687356
9.92,0.680482
9.93,0.673677
9.94,0.666941
9.95,0.660271
9.96,0.653668
9.97,0.647132
9.98,0.64066
9.99,0.634254
10,0.627911
10.01,0.621632
