0.00333333,0
0.00666667,2
0.01,2
0.0133333,2
0.0166667,2
0.02,2
0.0233333,2
0.0266667,2
0.03,2
0.0333333,2
0.0366667,2
0.04,2
0.0433333,2
0.0466667,2
0.05,2
0.0533333,2
0.0566667,2
0.06,2
0.0633333,2
0.0666667,2
0.07,2
0.0733333,2
0.0766667,2
0.08,2
0.0833333,2
0.0866667,2
0.09,2
0.0933333,2
0.0966667,2
0.1,2
0.103333,2
0.106667,2
0.11,2
0.113333,2
0.116667,2
0.12,2
0.123333,2
0.126667,2
0.13,2
0.133333,2
0.136667,2
0.14,2
0.143333,2
0.146667,2
0.15,2
0.153333,2
0.156667,2
0.16,2
0.163333,2
0.166667,2
0.17,2
0.173333,2
0.176667,2
0.18,2
0.183333,2
0.186667,2
0.19,2
0.193333,2
0.196667,2
0.2,2
0.203333,2
0.206667,2
0.21,2
0.213333,2
0.216667,2
0.22,2
0.223333,2
0.226667,2
0.23,2
0.233333,2
0.236667,2
0.24,2
0.243333,2
0.246667,2
0.25,2
0.253333,2
0.256667,2
0.26,2
0.263333,2
0.266667,2
0.27,2
0.273333,2
0.276667,2
0.28,2
0.283333,2
0.286667,2
0.29,2
0.293333,2
0.296667,2
0.3,2
0.303333,2
0.306667,2
0.31,2
0.313333,2
0.316667,2
0.32,2
0.323333,2
0.326667,2
0.33,2
0.333333,2
0.336667,2
0.34,2
0.343333,2
0.346667,2
0.35,2
0.353333,2
0.356667,2
0.36,2
0.363333,2
0.366667,2
0.37,2
0.373333,2
0.376667,2
0.38,2
0.383333,2
0.386667,1
0.39,1
0.393333,1
0.396667,1
0.4,1
0.403333,1
0.406667,1
0.41,1
0.413333,1
0.416667,1
0.42,1
0.423333,1
0.426667,1
0.43,1
0.433333,1
0.436667,1
0.44,1
0.443333,1
0.446667,1
0.45,1
0.453333,1
0.456667,1
0.46,1
0.463333,1
0.466667,1
0.47,1
0.473333,1
0.476667,1
0.48,1
0.483333,1
0.486667,1
0.49,1
0.493333,1
0.496667,1
0.5,1
0.503333,1
0.506667,1
0.51,1
0.513333,1
0.516667,1
0.52,1
0.523333,1
0.526667,1
0.53,0
0.533333,6
0.536667,6
0.54,6
0.543333,6
0.546667,6
0.55,6
0.553333,6
0.556667,6
0.56,6
0.563333,6
0.566667,6
0.57,6
0.573333,6
0.576667,6
0.58,6
0.583333,6
0.586667,6
0.59,6
0.593333,6
0.596667,6
0.6,6
0.603333,6
0.606667,6
0.61,6
0.613333,6
0.616667,6
0.62,6
0.623333,6
0.626667,6
0.63,6
0.633333,6
0.636667,6
0.64,6
0.643333,6
0.646667,6
0.65,6
0.653333,6
0.656667,6
0.66,6
0.663333,6
0.666667,6
0.67,6
0.673333,5
0.676667,5
0.68,5
0.683333,5
0.686667,5
0.69,5
0.693333,5
0.696667,5
0.7,5
0.703333,5
0.706667,5
0.71,5
0.713333,5
0.716667,5
0.72,5
0.723333,5
0.726667,5
0.73,5
0.733333,5
0.736667,5
0.74,5
0.743333,5
0.746667,5
0.75,5
0.753333,5
0.756667,5
0.76,5
0.763333,5
0.766667,5
0.77,5
0.773333,5
0.776667,5
0.78,5
0.783333,5
0.786667,5
0.79,5
0.793333,5
0.796667,5
0.8,5
0.803333,5
0.806667,5
0.81,5
0.813333,5
0.816667,5
0.82,5
0.823333,5
0.826667,5
0.83,5
0.833333,5
0.836667,5
0.84,5
0.843333,5
0.846667,5
0.85,5
0.853333,5
0.856667,5
0.86,6
0.863333,6
0.866667,6
0.87,6
0.873333,6
0.876667,6
0.88,6
0.883333,6
0.886667,6
0.89,6
0.893333,6
0.896667,6
0.9,6
0.903333,6
0.906667,6
0.91,6
0.913333,6
0.916667,6
0.92,6
0.923333,6
0.926667,6
0.93,6
0.933333,6
0.936667,6
0.94,6
0.943333,6
0.946667,6
0.95,6
0.953333,6
0.956667,6
0.96,6
0.963333,6
0.966667,6
0.97,5
0.973333,5
0.976667,5
0.98,5
0.983333,5
0.986667,5
0.99,5
0.993333,5
0.996667,5
1,5
1.00333,5
1.00667,5
1.01,5
1.01333,5
1.01667,5
1.02,5
1.02333,5
1.02667,5
1.03,5
1.03333,5
1.03667,5
1.04,5
1.04333,5
1.04667,5
1.05,5
1.05333,5
1.05667,5
1.06,5
1.06333,5
1.06667,5
1.07,5
1.07333,5
1.07667,5
1.08,5
1.08333,5
1.08667,5
1.09,5
1.09333,5
1.09667,5
1.1,5
1.10333,5
1.10667,5
1.11,5
1.11333,5
1.11667,5
1.12,5
1.12333,5
1.12667,5
1.13,5
1.13333,5
1.13667,5
1.14,5
1.14333,5
1.14667,5
1.15,5
1.15333,5
1.15667,5
1.16,5
1.16333,5
1.16667,5
1.17,5
1.17333,5
1.17667,5
1.18,5
1.18333,5
1.18667,5
1.19,5
1.19333,5
1.19667,5
1.2,5
1.20333,5
1.20667,5
1.21,5
1.21333,5
1.21667,5
1.22,5
1.22333,5
1.22667,5
1.23,5
1.23333,5
1.23667,5
1.24,5
1.24333,5
1.24667,5
1.25,5
1.25333,5
1.25667,5
1.26,5
1.26333,5
1.26667,5
1.27,5
1.27333,5
1.27667,5
1.28,5
1.28333,5
1.28667,5
1.29,5
1.29333,5
1.29667,5
1.3,5
1.30333,5
1.30667,5
1.31,5
1.31333,5
1.31667,5
1.32,5
1.32333,5
1.32667,5
1.33,5
1.33333,5
1.33667,5
1.34,5
1.34333,5
1.34667,5
1.35,5
1.35333,5
1.35667,5
1.36,5
1.36333,5
1.36667,5
1.37,5
1.37333,5
1.37667,5
1.38,5
1.38333,5
1.38667,5
1.39,5
1.39333,5
1.39667,5
1.4,5
1.40333,5
1.40667,5
1.41,5
1.41333,5
1.41667,5
1.42,5
1.42333,5
1.42667,5
1.43,5
1.43333,5
1.43667,5
1.44,5
1.44333,5
1.44667,5
1.45,5
1.45333,5
1.45667,5
1.46,5
1.46333,5
1.46667,5
1.47,5
1.47333,5
1.47667,5
1.48,5
1.48333,5
1.48667,5
1.49,5
1.49333,5
1.49667,5
1.5,5
1.50333,5
1.50667,5
1.51,5
1.51333,5
1.51667,5
1.52,5
1.52333,5
1.52667,5
1.53,5
1.53333,5
1.53667,5
1.54,5
1.54333,5
1.54667,5
1.55,5
1.55333,5
1.55667,5
1.56,5
1.56333,5
1.56667,5
1.57,5
1.57333,5
1.57667,5
1.58,5
1.58333,4
1.58667,3
1.59,3
1.59333,3
1.59667,3
1.6,3
1.60333,3
1.60667,3
1.61,3
1.61333,3
1.61667,3
1.62,3
1.62333,3
1.62667,3
1.63,3
1.63333,3
1.63667,3
1.64,3
1.64333,3
1.64667,3
1.65,3
1.65333,3
1.65667,3
1.66,3
1.66333,3
1.66667,3
1.67,3
1.67333,3
1.67667,3
1.68,3
1.68333,3
1.68667,3
1.69,3
1.69333,3
1.69667,3
1.7,3
1.70333,3
1.70667,3
1.71,3
1.71333,3
1.71667,3
1.72,2
1.72333,2
1.72667,2
1.73,2
1.73333,2
1.73667,2
1.74,2
1.74333,2
1.74667,2
1.75,2
1.75333,2
1.75667,2
1.76,2
1.76333,2
1.76667,2
1.77,2
1.77333,2
1.77667,2
1.78,2
1.78333,2
1.78667,2
1.79,2
1.79333,2
1.79667,2
1.8,2
1.80333,2
1.80667,1
1.81,1
1.81333,1
1.81667,1
1.82,1
1.82333,1
1.82667,1
1.83,1
1.83333,1
1.83667,1
1.84,1
1.84333,1
1.84667,1
1.85,1
1.85333,1
1.85667,1
1.86,1
1.86333,1
1.86667,1
1.87,1
1.87333,1
1.87667,1
1.88,1
1.88333,1
1.88667,1
1.89,1
1.89333,1
1.89667,1
1.9,1
1.90333,1
1.90667,1
1.91,1
1.91333,1
1.91667,0
1.92,5
1.92333,5
1.92667,5
1.93,5
1.93333,5
1.93667,5
1.94,5
1.94333,5
1.94667,5
1.95,5
1.95333,5
1.95667,5
1.96,5
1.96333,5
1.96667,5
1.97,5
1.97333,5
1.97667,5
1.98,5
1.98333,5
1.98667,5
1.99,5
1.99333,5
1.99667,5
2,5
2.00333,5
2.00667,5
2.01,5
2.01333,5
2.01667,5
2.02,5
2.02333,5
2.02667,5
2.03,5
2.03333,5
2.03667,5
2.04,5
2.04333,5
2.04667,5
2.05,5
2.05333,5
2.05667,5
2.06,5
2.06333,5
2.06667,5
2.07,5
2.07333,5
2.07667,5
2.08,5
2.08333,5
2.08667,5
2.09,5
2.09333,5
2.09667,5
2.1,5
2.10333,5
2.10667,5
2.11,5
2.11333,5
2.11667,5
2.12,5
2.12333,5
2.12667,5
2.13,5
2.13333,5
2.13667,5
2.14,5
2.14333,5
2.14667,5
2.15,5
2.15333,5
2.15667,5
2.16,5
2.16333,5
2.16667,5
2.17,5
2.17333,5
2.17667,5
2.18,5
2.18333,5
2.18667,5
2.19,5
2.19333,5
2.19667,5
2.2,5
2.20333,5
2.20667,5
2.21,5
2.21333,5
2.21667,5
2.22,5
2.22333,5
2.22667,5
2.23,5
2.23333,5
2.23667,5
2.24,5
2.24333,5
2.24667,5
2.25,5
2.25333,5
2.25667,5
2.26,5
2.26333,5
2.26667,5
2.27,4
2.27333,4
2.27667,4
2.28,4
2.28333,4
2.28667,4
2.29,4
2.29333,4
2.29667,4
2.3,4
2.30333,4
2.30667,4
2.31,4
2.31333,4
2.31667,4
2.32,4
2.32333,4
2.32667,4
2.33,4
2.33333,4
2.33667,4
2.34,4
2.34333,4
2.34667,4
2.35,4
2.35333,4
2.35667,4
2.36,4
2.36333,4
2.36667,4
2.37,4
2.37333,4
2.37667,4
2.38,3
2.38333,3
2.38667,3
2.39,3
2.39333,3
2.39667,3
2.4,3
2.40333,3
2.40667,3
2.41,3
2.41333,3
2.41667,3
2.42,3
2.42333,3
2.42667,3
2.43,3
2.43333,3
2.43667,3
2.44,3
2.44333,3
2.44667,3
2.45,3
2.45333,3
2.45667,3
2.46,3
2.46333,3
2.46667,3
2.47,3
2.47333,3
2.47667,3
2.48,3
2.48333,3
2.48667,3
2.49,3
2.49333,3
2.49667,3
2.5,3
2.50333,3
2.50667,3
2.51,3
2.51333,3
2.51667,3
2.52,3
2.52333,3
2.52667,3
2.53,3
2.53333,3
2.53667,3
2.54,3
2.54333,3
2.54667,3
2.55,3
2.55333,3
2.55667,3
2.56,3
2.56333,3
2.56667,3
2.57,3
2.57333,3
2.57667,3
2.58,3
2.58333,3
2.58667,3
2.59,3
2.59333,3
2.59667,3
2.6,3
2.60333,3
2.60667,3
2.61,3
2.61333,3
2.61667,3
2.62,3
2.62333,3
2.62667,3
2.63,3
2.63333,3
2.63667,3
2.64,3
2.64333,3
2.64667,3
2.65,3
2.65333,3
2.65667,3
2.66,3
2.66333,3
2.66667,3
2.67,3
2.67333,3
2.67667,3
2.68,3
2.68333,3
2.68667,3
2.69,3
2.69333,3
2.69667,3
2.7,3
2.70333,3
2.70667,3
2.71,3
2.71333,3
2.71667,3
2.72,3
2.72333,3
2.72667,3
2.73,3
2.73333,3
2.73667,3
2.74,3
2.74333,3
2.74667,3
2.75,3
2.75333,3
2.75667,3
2.76,3
2.76333,3
2.76667,3
2.77,3
2.77333,3
2.77667,3
2.78,3
2.78333,3
2.78667,3
2.79,3
2.79333,3
2.79667,3
2.8,3
2.80333,3
2.80667,3
2.81,3
2.81333,3
2.81667,3
2.82,3
2.82333,3
2.82667,3
2.83,3
2.83333,3
2.83667,3
2.84,3
2.84333,3
2.84667,3
2.85,3
2.85333,3
2.85667,3
2.86,3
2.86333,3
2.86667,3
2.87,3
2.87333,3
2.87667,3
2.88,3
2.88333,3
2.88667,3
2.89,3
2.89333,3
2.89667,3
2.9,3
2.90333,3
2.90667,3
2.91,3
2.91333,3
2.91667,3
2.92,3
2.92333,3
2.92667,3
2.93,3
2.93333,3
2.93667,3
2.94,3
2.94333,3
2.94667,3
2.95,3
2.95333,3
2.95667,3
2.96,3
2.96333,3
2.96667,3
2.97,3
2.97333,3
2.97667,3
2.98,3
2.98333,3
2.98667,3
2.99,3
2.99333,3
2.99667,3
3,3
3.00333,3
3.00667,3
3.01,3
3.01333,3
3.01667,3
3.02,3
3.02333,3
3.02667,3
3.03,3
3.03333,3
3.03667,3
3.04,3
3.04333,3
3.04667,3
3.05,3
3.05333,3
3.05667,3
3.06,3
3.06333,3
3.06667,3
3.07,3
3.07333,3
3.07667,3
3.08,3
3.08333,3
3.08667,3
3.09,3
3.09333,3
3.09667,3
3.1,3
3.10333,3
3.10667,3
3.11,3
3.11333,3
3.11667,3
3.12,3
3.12333,3
3.12667,3
3.13,3
3.13333,3
3.13667,3
3.14,3
3.14333,3
3.14667,3
3.15,3
3.15333,3
3.15667,2
3.16,2
3.16333,2
3.16667,2
3.17,2
3.17333,2
3.17667,2
3.18,2
3.18333,2
3.18667,2
3.19,2
3.19333,2
3.19667,2
3.2,2
3.20333,2
3.20667,2
3.21,2
3.21333,2
3.21667,2
3.22,2
3.22333,2
3.22667,2
3.23,2
3.23333,2
3.23667,2
3.24,2
3.24333,2
3.24667,2
3.25,2
3.25333,2
3.25667,2
3.26,2
3.26333,2
3.26667,2
3.27,2
3.27333,2
3.27667,2
3.28,2
3.28333,2
3.28667,2
3.29,2
3.29333,2
3.29667,1
3.3,1
3.30333,1
3.30667,1
3.31,1
3.31333,1
3.31667,1
3.32,1
3.32333,1
3.32667,1
3.33,1
3.33333,1
3.33667,1
3.34,1
3.34333,1
3.34667,1
3.35,1
3.35333,1
3.35667,1
3.36,1
3.36333,1
3.36667,1
3.37,1
3.37333,0
3.37667,2
3.38,2
3.38333,2
3.38667,2
3.39,2
3.39333,2
3.39667,2
3.4,2
3.40333,2
3.40667,2
3.41,2
3.41333,2
3.41667,2
3.42,2
3.42333,3
3.42667,3
3.43,3
3.43333,3
3.43667,3
3.44,3
3.44333,3
3.44667,3
3.45,3
3.45333,3
3.45667,3
3.46,3
3.46333,3
3.46667,3
3.47,3
3.47333,3
3.47667,3
3.48,3
3.48333,3
3.48667,3
3.49,3
3.49333,3
3.49667,3
3.5,3
3.50333,3
3.50667,3
3.51,3
3.51333,3
3.51667,3
3.52,3
3.52333,3
3.52667,3
3.53,3
3.53333,3
3.53667,3
3.54,3
3.54333,3
3.54667,3
3.55,3
3.55333,3
3.55667,3
3.56,3
3.56333,3
3.56667,3
3.57,3
3.57333,3
3.57667,3
3.58,3
3.58333,3
3.58667,3
3.59,3
3.59333,3
3.59667,3
3.6,3
3.60333,3
3.60667,3
3.61,3
3.61333,3
3.61667,3
3.62,3
3.62333,3
3.62667,3
3.63,3
3.63333,3
3.63667,3
3.64,3
3.64333,3
3.64667,3
3.65,3
3.65333,3
3.65667,3
3.66,3
3.66333,3
3.66667,3
3.67,3
3.67333,3
3.67667,3
3.68,3
3.68333,3
3.68667,3
3.69,3
3.69333,3
3.69667,3
3.7,3
3.70333,3
3.70667,3
3.71,3
3.71333,3
3.71667,3
3.72,3
3.72333,3
3.72667,3
3.73,3
3.73333,3
3.73667,3
3.74,3
3.74333,3
3.74667,3
3.75,3
3.75333,3
3.75667,3
3.76,3
3.76333,3
3.76667,3
3.77,3
3.77333,3
3.77667,3
3.78,3
3.78333,3
3.78667,3
3.79,3
3.79333,3
3.79667,3
3.8,3
3.80333,3
3.80667,3
3.81,3
3.81333,3
3.81667,3
3.82,3
3.82333,3
3.82667,3
3.83,3
3.83333,3
3.83667,3
3.84,3
3.84333,3
3.84667,3
3.85,3
3.85333,3
3.85667,3
3.86,3
3.86333,3
3.86667,3
3.87,3
3.87333,3
3.87667,3
3.88,3
3.88333,3
3.88667,3
3.89,3
3.89333,3
3.89667,3
3.9,3
3.90333,3
3.90667,3
3.91,3
3.91333,3
3.91667,3
3.92,3
3.92333,3
3.92667,3
3.93,3
3.93333,3
3.93667,3
3.94,3
3.94333,3
3.94667,3
3.95,3
3.95333,3
3.95667,3
3.96,3
3.96333,3
3.96667,3
3.97,3
3.97333,3
3.97667,3
3.98,3
3.98333,3
3.98667,3
3.99,3
3.99333,3
3.99667,3
4,3
4.00333,3
4.00667,3
4.01,3
4.01333,3
4.01667,3
4.02,3
4.02333,3
4.02667,4
4.03,4
4.03333,4
4.03667,4
4.04,4
4.04333,4
4.04667,4
4.05,4
4.05333,4
4.05667,4
4.06,4
4.06333,4
4.06667,4
4.07,4
4.07333,4
4.07667,4
4.08,4
4.08333,4
4.08667,4
4.09,4
4.09333,4
4.09667,4
4.1,4
4.10333,4
4.10667,4
4.11,4
4.11333,4
4.11667,4
4.12,4
4.12333,4
4.12667,3
4.13,3
4.13333,3
4.13667,3
4.14,3
4.14333,3
4.14667,3
4.15,3
4.15333,3
4.15667,3
4.16,3
4.16333,3
4.16667,3
4.17,3
4.17333,3
4.17667,3
4.18,3
4.18333,3
4.18667,3
4.19,3
4.19333,3
4.19667,3
4.2,3
4.20333,3
4.20667,3
4.21,3
4.21333,3
4.21667,3
4.22,3
4.22333,3
4.22667,3
4.23,3
4.23333,3
4.23667,3
4.24,3
4.24333,3
4.24667,3
4.25,3
4.25333,3
4.25667,3
4.26,3
4.26333,3
4.26667,3
4.27,3
4.27333,3
4.27667,3
4.28,3
4.28333,3
4.28667,3
4.29,3
4.29333,3
4.29667,3
4.3,3
4.30333,3
4.30667,3
4.31,3
4.31333,3
4.31667,3
4.32,3
4.32333,3
4.32667,3
4.33,3
4.33333,3
4.33667,3
4.34,3
4.34333,3
4.34667,3
4.35,3
4.35333,3
4.35667,3
4.36,3
4.36333,3
4.36667,3
4.37,3
4.37333,3
4.37667,3
4.38,3
4.38333,3
4.38667,3
4.39,3
4.39333,3
4.39667,2
4.4,2
4.40333,2
4.40667,2
4.41,2
4.41333,2
4.41667,2
4.42,2
4.42333,2
4.42667,2
4.43,2
4.43333,2
4.43667,2
4.44,2
4.44333,1
4.44667,1
4.45,1
4.45333,1
4.45667,1
4.46,1
4.46333,1
4.46667,1
4.47,1
4.47333,1
4.47667,1
4.48,1
4.48333,1
4.48667,1
4.49,1
4.49333,1
4.49667,1
4.5,1
4.50333,1
4.50667,1
4.51,1
4.51333,1
4.51667,1
4.52,1
4.52333,1
4.52667,1
4.53,1
4.53333,2
4.53667,2
4.54,2
4.54333,2
4.54667,2
4.55,2
4.55333,2
4.55667,2
4.56,2
4.56333,2
4.56667,2
4.57,2
4.57333,2
4.57667,2
4.58,2
4.58333,2
4.58667,2
4.59,2
4.59333,2
4.59667,2
4.6,2
4.60333,2
4.60667,2
4.61,2
4.61333,2
4.61667,1
4.62,1
4.62333,1
4.62667,1
4.63,1
4.63333,1
4.63667,1
4.64,1
4.64333,1
4.64667,1
4.65,1
4.65333,1
4.65667,1
4.66,1
4.66333,1
4.66667,1
4.67,1
4.67333,1
4.67667,1
4.68,1
4.68333,1
4.68667,1
4.69,1
4.69333,0
4.69667,2
4.7,2
4.70333,2
4.70667,2
4.71,2
4.71333,2
4.71667,2
4.72,2
4.72333,2
4.72667,2
4.73,2
4.73333,2
4.73667,2
4.74,2
4.74333,2
4.74667,2
4.75,2
4.75333,2
4.75667,2
4.76,2
4.76333,2
4.76667,2
4.77,2
4.77333,2
4.77667,2
4.78,2
4.78333,2
4.78667,2
4.79,2
4.79333,2
4.79667,2
4.8,2
4.80333,2
4.80667,2
4.81,2
4.81333,2
4.81667,2
4.82,2
4.82333,2
4.82667,2
4.83,2
4.83333,2
4.83667,2
4.84,2
4.84333,2
4.84667,2
4.85,2
4.85333,2
4.85667,2
4.86,2
4.86333,2
4.86667,2
4.87,2
4.87333,2
4.87667,2
4.88,2
4.88333,2
4.88667,2
4.89,2
4.89333,2
4.89667,2
4.9,2
4.90333,2
4.90667,2
4.91,2
4.91333,2
4.91667,2
4.92,2
4.92333,2
4.92667,2
4.93,2
4.93333,2
4.93667,2
4.94,2
4.94333,2
4.94667,2
4.95,2
4.95333,2
4.95667,2
4.96,2
4.96333,2
4.96667,2
4.97,2
4.97333,2
4.97667,2
4.98,2
4.98333,2
4.98667,3
4.99,3
4.99333,3
4.99667,3
5,3
5.00333,2
5.00667,2
5.01,2
5.01333,2
5.01667,2
5.02,2
5.02333,2
5.02667,2
5.03,2
5.03333,2
5.03667,2
5.04,2
5.04333,2
5.04667,2
5.05,2
5.05333,2
5.05667,2
5.06,2
5.06333,2
5.06667,2
5.07,2
5.07333,2
5.07667,2
5.08,2
5.08333,2
5.08667,2
5.09,2
5.09333,2
5.09667,2
5.1,3
5.10333,3
5.10667,3
5.11,3
5.11333,3
5.11667,3
5.12,3
5.12333,2
5.12667,2
5.13,2
5.13333,2
5.13667,2
5.14,3
5.14333,3
5.14667,3
5.15,3
5.15333,3
5.15667,3
5.16,3
5.16333,3
5.16667,3
5.17,3
5.17333,3
5.17667,3
5.18,3
5.18333,3
5.18667,3
5.19,3
5.19333,3
5.19667,3
5.2,3
5.20333,3
5.20667,3
5.21,3
5.21333,3
5.21667,3
5.22,3
5.22333,3
5.22667,3
5.23,3
5.23333,3
5.23667,3
5.24,3
5.24333,3
5.24667,3
5.25,3
5.25333,3
5.25667,3
5.26,3
5.26333,3
5.26667,3
5.27,3
5.27333,3
5.27667,3
5.28,3
5.28333,3
5.28667,3
5.29,3
5.29333,3
5.29667,3
5.3,3
5.30333,3
5.30667,3
5.31,3
5.31333,3
5.31667,3
5.32,3
5.32333,3
5.32667,3
5.33,3
5.33333,3
5.33667,3
5.34,3
5.34333,3
5.34667,3
5.35,3
5.35333,3
5.35667,3
5.36,3
5.36333,3
5.36667,3
5.37,3
5.37333,3
5.37667,3
5.38,3
5.38333,3
5.38667,3
5.39,3
5.39333,3
5.39667,3
5.4,3
5.40333,3
5.40667,3
5.41,3
5.41333,3
5.41667,3
5.42,3
5.42333,3
5.42667,3
5.43,3
5.43333,3
5.43667,3
5.44,3
5.44333,3
5.44667,3
5.45,3
5.45333,3
5.45667,3
5.46,3
5.46333,3
5.46667,3
5.47,3
5.47333,3
5.47667,3
5.48,3
5.48333,3
5.48667,3
5.49,3
5.49333,3
5.49667,3
5.5,3
5.50333,3
5.50667,3
5.51,3
5.51333,3
5.51667,3
5.52,3
5.52333,3
5.52667,3
5.53,3
5.53333,3
5.53667,3
5.54,3
5.54333,3
5.54667,3
5.55,3
5.55333,3
5.55667,3
5.56,2
5.56333,2
5.56667,2
5.57,2
5.57333,2
5.57667,2
5.58,2
5.58333,2
5.58667,2
5.59,2
5.59333,2
5.59667,1
5.6,1
5.60333,1
5.60667,1
5.61,1
5.61333,1
5.61667,1
5.62,1
5.62333,1
5.62667,0
5.63,2
5.63333,2
5.63667,2
5.64,2
5.64333,2
5.64667,2
5.65,2
5.65333,2
5.65667,2
5.66,2
5.66333,2
5.66667,2
5.67,2
5.67333,2
5.67667,2
5.68,2
5.68333,2
5.68667,2
5.69,2
5.69333,2
5.69667,2
5.7,2
5.70333,2
5.70667,2
5.71,2
5.71333,2
5.71667,2
5.72,2
5.72333,2
5.72667,2
5.73,2
5.73333,2
5.73667,2
5.74,2
5.74333,2
5.74667,2
5.75,2
5.75333,2
5.75667,1
5.76,1
5.76333,1
5.76667,0
5.77,2
5.77333,2
5.77667,2
5.78,2
5.78333,2
5.78667,2
5.79,2
5.79333,2
5.79667,2
5.8,2
5.80333,2
5.80667,2
5.81,2
5.81333,2
5.81667,2
5.82,2
5.82333,2
5.82667,2
5.83,2
5.83333,2
5.83667,2
5.84,2
5.84333,2
5.84667,2
5.85,2
5.85333,2
5.85667,2
5.86,2
5.86333,2
5.86667,2
5.87,2
5.87333,2
5.87667,2
5.88,2
5.88333,2
5.88667,2
5.89,2
5.89333,2
5.89667,2
5.9,2
5.90333,1
5.90667,1
5.91,1
5.91333,1
5.91667,1
5.92,1
5.92333,1
5.92667,1
5.93,1
5.93333,1
5.93667,1
5.94,1
5.94333,1
5.94667,1
5.95,1
5.95333,1
5.95667,1
5.96,0
5.96333,5
5.96667,5
5.97,5
5.97333,5
5.97667,5
5.98,5
5.98333,5
5.98667,5
5.99,5
5.99333,5
5.99667,5
6,5
6.00333,5
6.00667,5
6.01,5
6.01333,5
6.01667,5
6.02,5
6.02333,5
6.02667,5
6.03,5
6.03333,5
6.03667,5
6.04,5
6.04333,5
6.04667,5
6.05,5
6.05333,5
6.05667,5
6.06,5
6.06333,5
6.06667,5
6.07,5
6.07333,5
6.07667,5
6.08,5
6.08333,5
6.08667,5
6.09,5
6.09333,5
6.09667,5
6.1,5
6.10333,5
6.10667,5
6.11,5
6.11333,5
6.11667,5
6.12,5
6.12333,5
6.12667,5
6.13,5
6.13333,5
6.13667,4
6.14,4
6.14333,4
6.14667,4
6.15,4
6.15333,4
6.15667,4
6.16,4
6.16333,4
6.16667,4
6.17,4
6.17333,4
6.17667,4
6.18,4
6.18333,4
6.18667,4
6.19,4
6.19333,4
6.19667,4
6.2,4
6.20333,4
6.20667,4
6.21,4
6.21333,4
6.21667,4
6.22,4
6.22333,4
6.22667,4
6.23,4
6.23333,4
6.23667,4
6.24,4
6.24333,4
6.24667,4
6.25,4
6.25333,4
6.25667,4
6.26,4
6.26333,4
6.26667,4
6.27,4
6.27333,4
6.27667,4
6.28,4
6.28333,4
6.28667,4
6.29,4
6.29333,4
6.29667,4
6.3,4
6.30333,4
6.30667,4
6.31,4
6.31333,4
6.31667,4
6.32,4
6.32333,4
6.32667,4
6.33,4
6.33333,4
6.33667,4
6.34,4
6.34333,4
6.34667,4
6.35,4
6.35333,4
6.35667,4
6.36,4
6.36333,4
6.36667,4
6.37,4
6.37333,4
6.37667,4
6.38,4
6.38333,4
6.38667,4
6.39,4
6.39333,4
6.39667,4
6.4,4
6.40333,4
6.40667,4
6.41,4
6.41333,4
6.41667,4
6.42,4
6.42333,4
6.42667,4
6.43,4
6.43333,4
6.43667,4
6.44,4
6.44333,4
6.44667,4
6.45,4
6.45333,4
6.45667,4
6.46,4
6.46333,4
6.46667,4
6.47,4
6.47333,4
6.47667,3
6.48,3
6.48333,3
6.48667,3
6.49,3
6.49333,3
6.49667,3
6.5,3
6.50333,3
6.50667,3
6.51,3
6.51333,3
6.51667,3
6.52,3
6.52333,3
6.52667,3
6.53,3
6.53333,3
6.53667,3
6.54,3
6.54333,3
6.54667,3
6.55,3
6.55333,3
6.55667,3
6.56,3
6.56333,3
6.56667,3
6.57,3
6.57333,3
6.57667,3
6.58,3
6.58333,3
6.58667,3
6.59,3
6.59333,3
6.59667,3
6.6,3
6.60333,3
6.60667,3
6.61,3
6.61333,3
6.61667,3
6.62,3
6.62333,3
6.62667,3
6.63,3
6.63333,3
6.63667,3
6.64,3
6.64333,3
6.64667,3
6.65,3
6.65333,3
6.65667,3
6.66,3
6.66333,3
6.66667,3
6.67,3
6.67333,3
6.67667,3
6.68,3
6.68333,3
6.68667,3
6.69,3
6.69333,3
6.69667,3
6.7,3
6.70333,3
6.70667,3
6.71,3
6.71333,3
6.71667,3
6.72,3
6.72333,3
6.72667,3
6.73,3
6.73333,3
6.73667,3
6.74,3
6.74333,3
6.74667,3
6.75,3
6.75333,3
6.75667,3
6.76,3
6.76333,3
6.76667,3
6.77,3
6.77333,3
6.77667,3
6.78,3
6.78333,3
6.78667,3
6.79,3
6.79333,3
6.79667,3
6.8,3
6.80333,3
6.80667,3
6.81,3
6.81333,3
6.81667,3
6.82,3
6.82333,3
6.82667,3
6.83,3
6.83333,3
6.83667,3
6.84,3
6.84333,3
6.84667,3
6.85,3
6.85333,3
6.85667,3
6.86,3
6.86333,3
6.86667,3
6.87,3
6.87333,3
6.87667,3
6.88,3
6.88333,3
6.88667,3
6.89,3
6.89333,3
6.89667,3
6.9,3
6.90333,3
6.90667,3
6.91,3
6.91333,3
6.91667,3
6.92,3
6.92333,3
6.92667,3
6.93,3
6.93333,3
6.93667,3
6.94,3
6.94333,3
6.94667,3
6.95,3
6.95333,3
6.95667,3
6.96,3
6.96333,3
6.96667,3
6.97,3
6.97333,3
6.97667,3
6.98,3
6.98333,3
6.98667,3
6.99,3
6.99333,3
6.99667,3
7,3
7.00333,3
7.00667,3
7.01,2
7.01333,2
7.01667,2
7.02,2
7.02333,2
7.02667,2
7.03,2
7.03333,2
7.03667,2
7.04,2
7.04333,2
7.04667,2
7.05,2
7.05333,2
7.05667,2
7.06,2
7.06333,2
7.06667,2
7.07,2
7.07333,2
7.07667,2
7.08,2
7.08333,3
7.08667,3
7.09,3
7.09333,3
7.09667,3
7.1,3
7.10333,3
7.10667,3
7.11,3
7.11333,3
7.11667,3
7.12,3
7.12333,3
7.12667,3
7.13,3
7.13333,3
7.13667,3
7.14,3
7.14333,3
7.14667,3
7.15,3
7.15333,3
7.15667,3
7.16,3
7.16333,3
7.16667,3
7.17,3
7.17333,3
7.17667,3
7.18,3
7.18333,3
7.18667,3
7.19,3
7.19333,3
7.19667,3
7.2,3
7.20333,3
7.20667,3
7.21,3
7.21333,3
7.21667,3
7.22,3
7.22333,3
7.22667,3
7.23,3
7.23333,3
7.23667,3
7.24,3
7.24333,3
7.24667,3
7.25,3
7.25333,3
7.25667,3
7.26,3
7.26333,3
7.26667,4
7.27,4
7.27333,4
7.27667,4
7.28,4
7.28333,4
7.28667,4
7.29,3
7.29333,3
7.29667,3
7.3,3
7.30333,3
7.30667,3
7.31,3
7.31333,3
7.31667,3
7.32,3
7.32333,3
7.32667,3
7.33,3
7.33333,3
7.33667,3
7.34,3
7.34333,3
7.34667,3
7.35,3
7.35333,3
7.35667,3
7.36,3
7.36333,3
7.36667,3
7.37,3
7.37333,3
7.37667,2
7.38,2
7.38333,2
7.38667,2
7.39,2
7.39333,2
7.39667,2
7.4,2
7.40333,2
7.40667,2
7.41,2
7.41333,3
7.41667,3
7.42,3
7.42333,3
7.42667,3
7.43,3
7.43333,3
7.43667,3
7.44,3
7.44333,3
7.44667,3
7.45,3
7.45333,3
7.45667,3
7.46,2
7.46333,2
7.46667,2
7.47,2
7.47333,2
7.47667,2
7.48,2
7.48333,2
7.48667,2
7.49,2
7.49333,2
7.49667,2
7.5,2
7.50333,2
7.50667,2
7.51,2
7.51333,2
7.51667,2
7.52,2
7.52333,2
7.52667,2
7.53,2
7.53333,2
7.53667,2
7.54,2
7.54333,2
7.54667,2
7.55,2
7.55333,2
7.55667,2
7.56,2
7.56333,2
7.56667,2
7.57,2
7.57333,2
7.57667,2
7.58,2
7.58333,2
7.58667,2
7.59,2
7.59333,2
7.59667,2
7.6,2
7.60333,2
7.60667,2
7.61,2
7.61333,2
7.61667,2
7.62,2
7.62333,2
7.62667,2
7.63,2
7.63333,2
7.63667,2
7.64,2
7.64333,2
7.64667,2
7.65,2
7.65333,2
7.65667,2
7.66,2
7.66333,2
7.66667,2
7.67,2
7.67333,2
7.67667,2
7.68,2
7.68333,2
7.68667,2
7.69,2
7.69333,2
7.69667,2
7.7,2
7.70333,2
7.70667,2
7.71,2
7.71333,2
7.71667,2
7.72,2
7.72333,2
7.72667,2
7.73,2
7.73333,2
7.73667,2
7.74,2
7.74333,2
7.74667,2
7.75,2
7.75333,2
7.75667,2
7.76,2
7.76333,2
7.76667,2
7.77,2
7.77333,2
7.77667,2
7.78,3
7.78333,3
7.78667,3
7.79,3
7.79333,3
7.79667,3
7.8,3
7.80333,3
7.80667,3
7.81,3
7.81333,3
7.81667,3
7.82,3
7.82333,3
7.82667,3
7.83,3
7.83333,3
7.83667,3
7.84,3
7.84333,3
7.84667,3
7.85,3
7.85333,3
7.85667,3
7.86,3
7.86333,3
7.86667,3
7.87,3
7.87333,3
7.87667,3
7.88,3
7.88333,3
7.88667,3
7.89,3
7.89333,3
7.89667,3
7.9,3
7.90333,3
7.90667,3
7.91,3
7.91333,3
7.91667,3
7.92,3
7.92333,3
7.92667,3
7.93,3
7.93333,3
7.93667,3
7.94,3
7.94333,3
7.94667,3
7.95,3
7.95333,3
7.95667,3
7.96,3
7.96333,3
7.96667,3
7.97,3
7.97333,3
7.97667,3
7.98,3
7.98333,3
7.98667,3
7.99,3
7.99333,3
7.99667,3
8,3
8.00333,3
8.00667,3
8.01,3
8.01333,3
8.01667,3
8.02,3
8.02333,3
8.02667,3
8.03,3
8.03333,3
8.03667,3
8.04,3
8.04333,3
8.04667,3
8.05,3
8.05333,3
8.05667,3
8.06,3
8.06333,3
8.06667,3
8.07,3
8.07333,3
8.07667,3
8.08,3
8.08333,3
8.08667,3
8.09,3
8.09333,3
8.09667,3
8.1,3
8.10333,4
8.10667,4
8.11,4
8.11333,4
8.11667,4
8.12,4
8.12333,4
8.12667,4
8.13,4
8.13333,4
8.13667,4
8.14,4
8.14333,4
8.14667,4
8.15,4
8.15333,4
8.15667,4
8.16,4
8.16333,4
8.16667,4
8.17,4
8.17333,4
8.17667,4
8.18,4
8.18333,4
8.18667,4
8.19,4
8.19333,4
8.19667,4
8.2,4
8.20333,4
8.20667,4
8.21,4
8.21333,4
8.21667,4
8.22,4
8.22333,4
8.22667,4
8.23,4
8.23333,4
8.23667,4
8.24,4
8.24333,4
8.24667,4
8.25,4
8.25333,4
8.25667,4
8.26,4
8.26333,4
8.26667,4
8.27,4
8.27333,3
8.27667,3
8.28,3
8.28333,3
8.28667,3
8.29,3
8.29333,3
8.29667,3
8.3,3
8.30333,3
8.30667,3
8.31,3
8.31333,3
8.31667,3
8.32,3
8.32333,3
8.32667,3
8.33,3
8.33333,3
8.33667,3
8.34,3
8.34333,3
8.34667,3
8.35,3
8.35333,3
8.35667,3
8.36,3
8.36333,3
8.36667,3
8.37,3
8.37333,2
8.37667,2
8.38,2
8.38333,2
8.38667,2
8.39,2
8.39333,2
8.39667,1
8.4,1
8.40333,1
8.40667,1
8.41,1
8.41333,1
8.41667,1
8.42,1
8.42333,1
8.42667,1
8.43,0
8.43333,2
8.43667,2
8.44,2
8.44333,2
8.44667,2
8.45,2
8.45333,2
8.45667,2
8.46,2
8.46333,2
8.46667,2
8.47,2
8.47333,2
8.47667,2
8.48,2
8.48333,2
8.48667,2
8.49,2
8.49333,2
8.49667,2
8.5,2
8.50333,2
8.50667,2
8.51,2
8.51333,2
8.51667,2
8.52,2
8.52333,2
8.52667,2
8.53,2
8.53333,2
8.53667,2
8.54,2
8.54333,2
8.54667,2
8.55,2
8.55333,2
8.55667,2
8.56,2
8.56333,2
8.56667,2
8.57,2
8.57333,2
8.57667,2
8.58,2
8.58333,2
8.58667,2
8.59,2
8.59333,2
8.59667,2
8.6,2
8.60333,2
8.60667,2
8.61,2
8.61333,2
8.61667,2
8.62,2
8.62333,2
8.62667,2
8.63,2
8.63333,2
8.63667,2
8.64,1
8.64333,1
8.64667,1
8.65,1
8.65333,1
8.65667,1
8.66,1
8.66333,1
8.66667,1
8.67,1
8.67333,1
8.67667,1
8.68,1
8.68333,1
8.68667,1
8.69,1
8.69333,1
8.69667,1
8.7,1
8.70333,1
8.70667,1
8.71,1
8.71333,0
8.71667,2
8.72,2
8.72333,2
8.72667,2
8.73,2
8.73333,2
8.73667,1
8.74,1
8.74333,1
8.74667,1
8.75,1
8.75333,1
8.75667,1
8.76,1
8.76333,1
8.76667,1
8.77,1
8.77333,1
8.77667,1
8.78,1
8.78333,1
8.78667,1
8.79,1
8.79333,1
8.79667,1
8.8,1
8.80333,0
8.80667,5
8.81,5
8.81333,5
8.81667,5
8.82,5
8.82333,5
8.82667,5
8.83,5
8.83333,5
8.83667,5
8.84,5
8.84333,5
8.84667,5
8.85,5
8.85333,5
8.85667,5
8.86,5
8.86333,5
8.86667,5
8.87,5
8.87333,5
8.87667,5
8.88,5
8.88333,5
8.88667,5
8.89,5
8.89333,5
8.89667,5
8.9,5
8.90333,5
8.90667,5
8.91,5
8.91333,5
8.91667,5
8.92,5
8.92333,5
8.92667,5
8.93,5
8.93333,5
8.93667,5
8.94,5
8.94333,5
8.94667,5
8.95,5
8.95333,5
8.95667,5
8.96,5
8.96333,5
8.96667,5
8.97,5
8.97333,5
8.97667,4
8.98,4
8.98333,4
8.98667,4
8.99,4
8.99333,4
8.99667,4
9,4
9.00333,4
9.00667,4
9.01,4
9.01333,4
9.01667,4
9.02,4
9.02333,4
9.02667,4
9.03,4
9.03333,4
9.03667,4
9.04,4
9.04333,4
9.04667,4
9.05,4
9.05333,4
9.05667,4
9.06,4
9.06333,4
9.06667,4
9.07,4
9.07333,4
9.07667,4
9.08,4
9.08333,4
9.08667,4
9.09,4
9.09333,4
9.09667,4
9.1,4
9.10333,4
9.10667,4
9.11,4
9.11333,4
9.11667,4
9.12,4
9.12333,4
9.12667,4
9.13,4
9.13333,4
9.13667,4
9.14,4
9.14333,4
9.14667,4
9.15,4
9.15333,4
9.15667,4
9.16,4
9.16333,4
9.16667,4
9.17,4
9.17333,4
9.17667,4
9.18,4
9.18333,4
9.18667,4
9.19,4
9.19333,4
9.19667,4
9.2,4
9.20333,4
9.20667,4
9.21,4
9.21333,4
9.21667,4
9.22,4
9.22333,4
9.22667,4
9.23,4
9.23333,4
9.23667,4
9.24,4
9.24333,4
9.24667,4
9.25,4
9.25333,4
9.25667,4
9.26,4
9.26333,4
9.26667,4
9.27,4
9.27333,4
9.27667,4
9.28,4
9.28333,4
9.28667,4
9.29,4
9.29333,4
9.29667,4
9.3,4
9.30333,4
9.30667,4
9.31,4
9.31333,4
9.31667,4
9.32,4
9.32333,4
9.32667,4
9.33,4
9.33333,4
9.33667,4
9.34,4
9.34333,4
9.34667,4
9.35,4
9.35333,4
9.35667,4
9.36,4
9.36333,4
9.36667,3
9.37,3
9.37333,3
9.37667,3
9.38,3
9.38333,3
9.38667,3
9.39,3
9.39333,3
9.39667,3
9.4,3
9.40333,3
9.40667,3
9.41,3
9.41333,4
9.41667,4
9.42,4
9.42333,4
9.42667,4
9.43,4
9.43333,4
9.43667,4
9.44,4
9.44333,4
9.44667,4
9.45,4
9.45333,4
9.45667,4
9.46,4
9.46333,4
9.46667,4
9.47,4
9.47333,4
9.47667,4
9.48,4
9.48333,4
9.48667,4
9.49,4
9.49333,4
9.49667,4
9.5,4
9.50333,4
9.50667,4
9.51,4
9.51333,4
9.51667,4
9.52,4
9.52333,4
9.52667,4
9.53,4
9.53333,4
9.53667,4
9.54,4
9.54333,4
9.54667,4
9.55,4
9.55333,4
9.55667,4
9.56,4
9.56333,4
9.56667,4
9.57,4
9.57333,4
9.57667,4
9.58,4
9.58333,4
9.58667,4
9.59,4
9.59333,4
9.59667,4
9.6,4
9.60333,4
9.60667,4
9.61,4
9.61333,4
9.61667,4
9.62,4
9.62333,4
9.62667,3
9.63,3
9.63333,3
9.63667,3
9.64,3
9.64333,3
9.64667,3
9.65,3
9.65333,3
9.65667,3
9.66,3
9.66333,3
9.66667,3
9.67,3
9.67333,3
9.67667,3
9.68,3
9.68333,3
9.68667,3
9.69,3
9.69333,3
9.69667,3
9.7,3
9.70333,3
9.70667,3
9.71,3
9.71333,3
9.71667,3
9.72,3
9.72333,3
9.72667,3
9.73,3
9.73333,3
9.73667,3
9.74,3
9.74333,3
9.74667,3
9.75,3
9.75333,3
9.75667,3
9.76,3
9.76333,3
9.76667,4
9.77,4
9.77333,4
9.77667,4
9.78,4
9.78333,4
9.78667,4
9.79,4
9.79333,4
9.79667,4
9.8,4
9.80333,4
9.80667,4
9.81,4
9.81333,4
9.81667,4
9.82,4
9.82333,4
9.82667,4
9.83,4
9.83333,4
9.83667,4
9.84,4
9.84333,4
9.84667,4
9.85,4
9.85333,4
9.85667,4
9.86,4
9.86333,4
9.86667,4
9.87,4
9.87333,4
9.87667,4
9.88,4
9.88333,4
9.88667,3
9.89,3
9.89333,3
9.89667,3
9.9,3
9.90333,3
9.90667,3
9.91,3
9.91333,3
9.91667,3
9.92,3
9.92333,3
9.92667,3
9.93,3
9.93333,3
9.93667,3
9.94,3
9.94333,3
9.94667,3
9.95,3
9.95333,3
9.95667,3
9.96,3
9.96333,3
9.96667,3
9.97,3
9.97333,3
9.97667,3
9.98,3
9.98333,3
9.98667,3
9.99,3
9.99333,3
9.99667,3
10,3
10.0033,3
