0.01,1.10164
0.02,1.15998
0.03,1.01783
0.04,1.05923
0.05,1.20023
0.06,1.03972
0.07,0.916802
0.08,0.856466
0.09,0.770212
0.1,0.671949
0.11,0.525228
0.12,0.499628
0.13,0.559668
0.14,0.423215
0.15,0.403663
0.16,0.313573
0.17,0.374355
0.18,0.53927
0.19,0.423959
0.2,0.352637
0.21,0.289017
0.22,0.149934
0.23,0.144883
0.24,0.0926321
0.25,0.134386
0.26,0.150742
0.27,0.241366
0.28,0.146158
0.29,0.0447235
0.3,0.211089
0.31,0.236756
0.32,0.230474
0.33,0.160677
0.34,0.138951
0.35,0.0615042
0.36,0.191066
0.37,0.373044
0.38,0.281665
0.39,0.351168
0.4,0.368688
0.41,0.43439
0.42,0.609802
0.43,0.688527
0.44,0.843733
0.45,0.90601
0.46,0.760381
0.47,0.692825
0.48,0.59764
0.49,0.732196
0.5,0.669096
0.51,0.714534
0.52,0.635032
0.53,0.581423
0.54,0.499011
0.55,0.565253
0.56,0.567737
0.57,0.575749
0.58,0.623323
0.59,0.671407
0.6,0.700365
0.61,0.720852
0.62,0.712393
0.63,0.780196
0.64,0.936082
0.65,0.966381
0.66,0.842825
0.67,0.782812
0.68,0.722585
0.69,0.70568
0.7,0.705488
0.71,0.82824
0.72,0.911565
0.73,1.02811
0.74,1.03157
0.75,1.03356
0.76,0.980763
0.77,1.01138
0.78,0.965556
0.79,0.976493
0.8,0.937274
0.81,0.759925
0.82,0.777283
0.83,0.732798
0.84,0.733783
0.85,0.750663
0.86,0.609868
0.87,0.550221
0.88,0.530904
0.89,0.485004
0.9,0.478849
0.91,0.499129
0.92,0.502089
0.93,0.620789
0.94,0.621294
0.95,0.677993
0.96,0.472592
0.97,0.327625
0.98,0.413102
0.99,0.341007
1,0.363849
1.01,0.457757
1.02,0.280469
1.03,0.390164
1.04,0.462118
1.05,0.398545
1.06,0.341306
1.07,0.528352
1.08,0.700867
1.09,0.628757
1.1,0.613387
1.11,0.61226
1.12,0.685748
1.13,0.718785
1.14,0.662369
1.15,0.603998
1.16,0.674916
1.17,0.751764
1.18,0.811954
1.19,1.11044
1.2,1.18503
1.21,1.16605
1.22,1.10026
1.23,0.952806
1.24,0.984497
1.25,0.928492
1.26,0.865037
1.27,0.99616
1.28,0.983325
1.29,0.971949
1.3,1.08443
1.31,1.06014
1.32,1.04214
1.33,0.967279
1.34,0.898351
1.35,0.997152
1.36,0.960355
1.37,1.16545
1.38,1.21284
1.39,1.42265
1.4,1.42137
1.41,1.57136
1.42,1.76126
1.43,1.78042
1.44,1.8331
1.45,1.92716
1.46,1.96254
1.47,1.99739
1.48,1.85629
1.49,1.73265
1.5,2.01434
1.51,2.1693
1.52,2.21653
1.53,2.1173
1.54,2.25597
1.55,2.25137
1.56,2.29605
1.57,2.25752
1.58,2.0953
1.59,2.12989
1.6,2.05113
1.61,1.9387
1.62,1.95705
1.63,1.92151
1.64,1.87372
1.65,1.86952
1.66,1.88758
1.67,1.95407
1.68,1.92602
1.69,1.83392
1.7,1.8748
1.71,2.00601
1.72,2.00827
1.73,2.1287
1.74,2.04656
1.75,2.09906
1.76,1.99204
1.77,1.93862
1.78,1.91765
1.79,2.07692
1.8,1.97951
1.81,1.96701
1.82,1.87491
1.83,1.794
1.84,1.81967
1.85,1.80383
1.86,1.85424
1.87,1.84955
1.88,1.73212
1.89,1.81494
1.9,1.87843
1.91,1.87223
1.92,1.84657
1.93,1.93017
1.94,1.92419
1.95,1.85744
1.96,1.93071
1.97,2.08395
1.98,2.25769
1.99,2.20554
2,2.27641
2.01,2.47267
2.02,2.35529
2.03,2.16572
2.04,2.13948
2.05,2.12669
2.06,2.06162
2.07,2.00784
2.08,1.94981
2.09,2.02027
2.1,1.97722
2.11,2.01388
2.12,2.02808
2.13,1.99745
2.14,1.97299
2.15,2.03574
2.16,2.08816
2.17,1.96385
2.18,1.98432
2.19,2.14335
2.2,2.20536
2.21,2.26238
2.22,2.21754
2.23,2.29412
2.24,2.35915
2.25,2.24797
2.26,2.24777
2.27,2.286
2.28,2.23438
2.29,2.29477
2.3,2.26591
2.31,2.19807
2.32,2.2588
2.33,2.13943
2.34,2.31536
2.35,2.41042
2.36,2.38087
2.37,2.47877
2.38,2.46823
2.39,2.40356
2.4,2.54741
2.41,2.50268
2.42,2.45031
2.43,2.46261
2.44,2.38923
2.45,2.41152
2.46,2.37314
2.47,2.25159
2.48,2.26631
2.49,2.37317
2.5,2.37472
2.51,2.45444
2.52,2.34829
2.53,2.43045
2.54,2.46643
2.55,2.52377
2.56,2.54645
2.57,2.58904
2.58,2.57033
2.59,2.67042
2.6,2.69569
2.61,2.67432
2.62,2.75856
2.63,2.63145
2.64,2.79331
2.65,2.74959
2.66,2.68362
2.67,2.69909
2.68,2.63175
2.69,2.4907
2.7,2.37937
2.71,2.38878
2.72,2.2974
2.73,2.10816
2.74,2.16616
2.75,2.22351
2.76,2.32624
2.77,2.33178
2.78,2.57913
2.79,2.55167
2.8,2.41824
2.81,2.53136
2.82,2.3729
2.83,2.52459
2.84,2.50498
2.85,2.60171
2.86,2.56276
2.87,2.67434
2.88,2.68494
2.89,2.58364
2.9,2.49502
2.91,2.53294
2.92,2.5276
2.93,2.63954
2.94,2.69146
2.95,2.70362
2.96,2.74431
2.97,2.84524
2.98,2.93216
2.99,3.02229
3,2.95739
3.01,2.98832
3.02,3.01962
3.03,3.19864
3.04,3.22428
3.05,3.17315
3.06,3.196
3.07,3.17728
3.08,3.24958
3.09,3.30069
3.1,3.33918
3.11,3.184
3.12,2.97761
3.13,3.10188
3.14,2.95691
3.15,3.07263
3.16,3.12172
3.17,3.31841
3.18,3.41275
3.19,3.33298
3.2,3.42055
3.21,3.35024
3.22,3.45209
3.23,3.50481
3.24,3.51075
3.25,3.53289
3.26,3.59637
3.27,3.56214
3.28,3.53686
3.29,3.57692
3.3,3.46223
3.31,3.55539
3.32,3.48076
3.33,3.57009
3.34,3.73681
3.35,3.63665
3.36,3.65047
3.37,3.6671
3.38,3.59317
3.39,3.55761
3.4,3.48487
3.41,3.41193
3.42,3.5579
3.43,3.55303
3.44,3.69851
3.45,3.60995
3.46,3.58094
3.47,3.60317
3.48,3.70681
3.49,3.71657
3.5,3.68846
3.51,3.71153
3.52,3.60883
3.53,3.67602
3.54,3.68575
3.55,3.6874
3.56,3.70113
3.57,3.57624
3.58,3.47417
3.59,3.36576
3.6,3.34217
3.61,3.53482
3.62,3.53158
3.63,3.4981
3.64,3.35353
3.65,3.43429
3.66,3.42888
3.67,3.4526
3.68,3.38032
3.69,3.36066
3.7,3.61322
3.71,3.58693
3.72,3.70631
3.73,3.80641
3.74,4.03313
3.75,4.02374
3.76,3.8654
3.77,3.97614
3.78,3.87056
3.79,3.81661
3.8,3.67724
3.81,3.72208
3.82,3.83041
3.83,3.91434
3.84,3.82742
3.85,3.96672
3.86,4.03576
3.87,4.14544
3.88,4.01261
3.89,4.00633
3.9,3.91359
3.91,3.78217
3.92,3.78588
3.93,3.74205
3.94,3.9111
3.95,4.03141
3.96,4.07859
3.97,3.96811
3.98,3.86302
3.99,3.67659
4,3.75256
4.01,3.73365
4.02,3.75025
4.03,3.74283
4.04,3.79764
4.05,3.71416
4.06,3.76158
4.07,3.8053
4.08,3.70974
4.09,3.85881
4.1,3.98325
4.11,3.99607
4.12,4.1165
4.13,4.1713
4.14,4.06359
4.15,4.04516
4.16,4.0422
4.17,4.17273
4.18,4.23771
4.19,4.35087
4.2,4.27736
4.21,4.41548
4.22,4.57619
4.23,4.59474
4.24,4.53628
4.25,4.58635
4.26,4.45472
4.27,4.31537
4.28,4.43836
4.29,4.321
4.3,4.3102
4.31,4.36178
4.32,4.42111
4.33,4.69146
4.34,4.62989
4.35,4.60728
4.36,4.48737
4.37,4.50415
4.38,4.46432
4.39,4.47512
4.4,4.80685
4.41,4.89881
4.42,4.97242
4.43,4.99933
4.44,4.89428
4.45,4.75985
4.46,4.75454
4.47,4.77194
4.48,4.79951
4.49,4.82623
4.5,4.97668
4.51,4.88224
4.52,4.71519
4.53,4.86986
4.54,4.84178
4.55,4.77346
4.56,4.72503
4.57,4.74613
4.58,4.72848
4.59,4.67135
4.6,4.7146
4.61,4.90702
4.62,4.91053
4.63,5.03096
4.64,5.08946
4.65,5.13496
4.66,5.20912
4.67,5.13886
4.68,5.1556
4.69,5.12752
4.7,5.20712
4.71,5.29544
4.72,5.23798
4.73,5.26561
4.74,5.22204
4.75,5.2644
4.76,5.31877
4.77,5.33853
4.78,5.11587
4.79,5.19493
4.8,5.36803
4.81,5.32625
4.82,5.35848
4.83,5.24766
4.84,5.44556
4.85,5.24318
4.86,5.13838
4.87,5.09168
4.88,5.11584
4.89,5.27598
4.9,5.19021
4.91,5.42268
4.92,5.23032
4.93,5.29079
4.94,5.40301
4.95,5.37515
4.96,5.33943
4.97,5.30096
4.98,5.11552
4.99,5.03378
5,5.03423
5.01,5.28874
5.02,5.29344
5.03,5.25867
5.04,5.25006
5.05,5.23574
5.06,5.08069
5.07,5.01082
5.08,5.06104
5.09,5.00632
5.1,4.93567
5.11,4.78667
5.12,4.81332
5.13,4.92136
5.14,4.96989
5.15,4.76789
5.16,4.88294
5.17,4.78343
5.18,4.71445
5.19,4.6939
5.2,4.71427
5.21,4.79646
5.22,4.72705
5.23,4.62611
5.24,4.75482
5.25,4.83633
5.26,4.85843
5.27,4.8099
5.28,4.86742
5.29,4.9037
5.3,4.96414
5.31,4.9448
5.32,4.76406
5.33,4.82977
5.34,4.80181
5.35,4.70062
5.36,4.6987
5.37,4.81484
5.38,4.81787
5.39,4.64863
5.4,4.60232
5.41,4.64679
5.42,4.7408
5.43,4.58748
5.44,4.64606
5.45,4.52549
5.46,4.50285
5.47,4.48277
5.48,4.38508
5.49,4.38511
5.5,4.48405
5.51,4.57542
5.52,4.5238
5.53,4.53054
5.54,4.63588
5.55,4.61226
5.56,4.52418
5.57,4.62961
5.58,4.54635
5.59,4.56073
5.6,4.64263
5.61,4.59595
5.62,4.41603
5.63,4.35419
5.64,4.09329
5.65,4.24496
5.66,4.36626
5.67,4.29711
5.68,4.23813
5.69,4.16368
5.7,4.11813
5.71,4.15974
5.72,4.12308
5.73,4.21799
5.74,4.159
5.75,4.07611
5.76,3.95663
5.77,3.95255
5.78,4.01739
5.79,4.09795
5.8,4.10826
5.81,4.03156
5.82,4.10331
5.83,4.00211
5.84,3.90984
5.85,3.79748
5.86,3.90037
5.87,3.95637
5.88,3.99463
5.89,3.78394
5.9,3.86873
5.91,3.77347
5.92,3.78276
5.93,3.79309
5.94,3.78361
5.95,3.84591
5.96,3.85306
5.97,3.78479
5.98,3.71409
5.99,3.64904
6,3.80742
6.01,3.87251
6.02,3.74972
6.03,3.64278
6.04,3.47527
6.05,3.38805
6.06,3.26367
6.07,3.0529
6.08,3.03226
6.09,3.07234
6.1,2.99533
6.11,3.05044
6.12,3.14884
6.13,3.13839
6.14,3.21922
6.15,3.35559
6.16,3.38456
6.17,3.33344
6.18,3.28259
6.19,3.54082
6.2,3.54031
6.21,3.61274
6.22,3.76572
6.23,3.69509
6.24,3.71777
6.25,3.64698
6.26,3.63952
6.27,3.75631
6.28,3.93142
6.29,4.0996
6.3,4.26236
6.31,4.38243
6.32,4.37862
6.33,4.33816
6.34,4.42716
6.35,4.35842
6.36,4.35668
6.37,4.20619
6.38,4.26337
6.39,4.14159
6.4,4.26611
6.41,4.35992
6.42,4.3056
6.43,4.52922
6.44,4.4218
6.45,4.42977
6.46,4.27643
6.47,4.26155
6.48,4.23167
6.49,4.10998
6.5,4.14603
6.51,4.07361
6.52,3.98108
6.53,4.01754
6.54,4.15089
6.55,3.9482
6.56,3.89241
6.57,3.78306
6.58,4.01689
6.59,4.00633
6.6,4.04006
6.61,4.17345
6.62,4.32054
6.63,4.31555
6.64,4.23189
6.65,4.32463
6.66,4.47547
6.67,4.35596
6.68,4.43606
6.69,4.46456
6.7,4.29689
6.71,4.09524
6.72,4.01879
6.73,4.05411
6.74,4.21541
6.75,4.14179
6.76,3.94698
6.77,3.9144
6.78,4.02432
6.79,3.9661
6.8,3.98743
6.81,3.98963
6.82,3.97665
6.83,3.94225
6.84,4.0454
6.85,4.05332
6.86,4.06883
6.87,4.08416
6.88,4.15755
6.89,4.09869
6.9,4.10163
6.91,3.79531
6.92,3.84607
6.93,3.84073
6.94,3.90647
6.95,3.84222
6.96,3.88151
6.97,3.88121
6.98,3.83306
6.99,4.04977
7,4.26472
7.01,4.38386
7.02,4.45358
7.03,4.43765
7.04,4.75323
7.05,4.73194
7.06,4.53192
7.07,4.3421
7.08,4.31696
7.09,4.30067
7.1,4.33651
7.11,4.44769
7.12,4.42277
7.13,4.45879
7.14,4.37273
7.15,4.4616
7.16,4.54094
7.17,4.58253
7.18,4.56895
7.19,4.67698
7.2,4.60957
7.21,4.44764
7.22,4.60376
7.23,4.63482
7.24,4.68502
7.25,4.57831
7.26,4.51124
7.27,4.46605
7.28,4.31608
7.29,4.42196
7.3,4.3573
7.31,4.28022
7.32,4.3291
7.33,4.25888
7.34,4.33609
7.35,4.31248
7.36,4.2609
7.37,4.26111
7.38,4.21568
7.39,4.37162
7.4,4.4363
7.41,4.42515
7.42,4.25737
7.43,4.31676
7.44,4.15303
7.45,4.14501
7.46,4.11183
7.47,4.12364
7.48,4.28197
7.49,4.48867
7.5,4.41502
7.51,4.42765
7.52,4.50044
7.53,4.48893
7.54,4.52679
7.55,4.41692
7.56,4.42057
7.57,4.32406
7.58,4.24036
7.59,4.29951
7.6,4.18475
7.61,4.03938
7.62,4.02905
7.63,3.92989
7.64,4.00949
7.65,3.90785
7.66,3.92856
7.67,3.93122
7.68,3.92237
7.69,3.88062
7.7,3.80855
7.71,3.6962
7.72,3.77149
7.73,3.57809
7.74,3.60367
7.75,3.57131
7.76,3.36455
7.77,3.31353
7.78,3.34596
7.79,3.35905
7.8,3.43406
7.81,3.68427
7.82,3.62257
7.83,3.60612
7.84,3.69673
7.85,3.7222
7.86,3.657
7.87,3.57485
7.88,3.63255
7.89,3.70676
7.9,3.814
7.91,3.95677
7.92,4.07232
7.93,4.12428
7.94,3.93748
7.95,3.88198
7.96,3.86936
7.97,3.91764
7.98,3.78809
7.99,3.74591
8,3.66069
8.01,3.71504
8.02,3.78261
8.03,3.76015
8.04,3.70744
8.05,3.89413
8.06,3.92087
8.07,3.78984
8.08,3.84039
8.09,3.80335
8.1,3.89069
8.11,3.91396
8.12,3.96954
8.13,4.06801
8.14,4.02478
8.15,4.0288
8.16,3.8608
8.17,3.99885
8.18,3.9938
8.19,3.86765
8.2,3.79012
8.21,3.82668
8.22,3.80112
8.23,3.85627
8.24,3.88195
8.25,3.80028
8.26,3.90733
8.27,4.04235
8.28,3.92472
8.29,3.99532
8.3,4.05332
8.31,3.98162
8.32,3.9911
8.33,3.95426
8.34,4.00292
8.35,4.16764
8.36,4.36064
8.37,4.44756
8.38,4.5824
8.39,4.53015
8.4,4.4491
8.41,4.34332
8.42,4.39735
8.43,4.39561
8.44,4.5212
8.45,4.52561
8.46,4.66871
8.47,4.69492
8.48,4.74761
8.49,4.97547
8.5,4.91801
8.51,4.91569
8.52,4.87218
8.53,4.90298
8.54,4.95624
8.55,4.84384
8.56,4.8043
8.57,4.98821
8.58,5.17894
8.59,5.24013
8.6,5.13804
8.61,5.2416
8.62,5.22075
8.63,5.15277
8.64,5.01601
8.65,4.88272
8.66,4.80513
8.67,4.86638
8.68,4.92399
8.69,4.94574
8.7,5.06062
8.71,4.97346
8.72,5.00242
8.73,4.80584
8.74,4.66998
8.75,4.57679
8.76,4.51364
8.77,4.5705
8.78,4.52676
8.79,4.43945
8.8,4.50367
8.81,4.36101
8.82,4.43585
8.83,4.63425
8.84,4.46606
8.85,4.48523
8.86,4.54653
8.87,4.57284
8.88,4.53556
8.89,4.50205
8.9,4.41481
8.91,4.42939
8.92,4.41259
8.93,4.31486
8.94,4.37855
8.95,4.12173
8.96,4.1577
8.97,4.07998
8.98,4.11799
8.99,4.11195
9,4.02408
9.01,3.95529
9.02,3.97819
9.03,3.92871
9.04,4.01058
9.05,4.11647
9.06,4.04364
9.07,4.00916
9.08,3.83521
9.09,3.96834
9.1,3.90731
9.11,4.05082
9.12,4.09896
9.13,4.11418
9.14,3.95833
9.15,3.90142
9.16,3.79924
9.17,3.71475
9.18,3.92595
9.19,3.90181
9.2,3.89852
9.21,3.99202
9.22,4.02318
9.23,4.03299
9.24,3.95346
9.25,3.84542
9.26,3.93525
9.27,3.78719
9.28,3.77875
9.29,3.78809
9.3,3.71591
9.31,3.6081
9.32,3.59575
9.33,3.55373
9.34,3.59128
9.35,3.51073
9.36,3.6671
9.37,3.71117
9.38,3.77097
9.39,3.93681
9.4,3.96711
9.41,3.97428
9.42,4.1882
9.43,4.15582
9.44,4.08448
9.45,3.90783
9.46,3.85424
9.47,3.8351
9.48,3.86753
9.49,3.73784
9.5,3.73359
9.51,3.95726
9.52,3.9532
9.53,4.02934
9.54,4.1616
9.55,4.05834
9.56,3.938
9.57,3.92046
9.58,3.82742
9.59,3.68675
9.6,3.86647
9.61,3.74622
9.62,3.68187
9.63,3.69238
9.64,3.70484
9.65,3.76062
9.66,3.75834
9.67,3.686
9.68,3.77287
9.69,3.62016
9.7,3.48697
9.71,3.61657
9.72,3.55675
9.73,3.5061
9.74,3.65955
9.75,3.56845
9.76,3.64485
9.77,3.68914
9.78,3.67387
9.79,3.58851
9.8,3.50488
9.81,3.46752
9.82,3.53319
9.83,3.55961
9.84,3.64609
9.85,3.41377
9.86,3.65064
9.87,3.62737
9.88,3.59962
9.89,3.63028
9.9,3.70325
9.91,3.81629
9.92,3.85736
9.93,3.78395
9.94,3.80227
9.95,3.6873
9.96,3.64636
9.97,3.5367
9.98,3.46657
9.99,3.36013
10,3.30626
10.01,3.33327
