0.065
7.775
830.915
95.18
144.05
10.38
8.505
3.565
2.745
12.09
3.245
3.28
2.45
19.19
2.41
2.58
3.405
18.97
1.47
0.795
1.03
12.635
3.295
1.66
3.06
5.3
0.65
13.055
1.445
21.84
1.94
0.71
3.195
1.05
3.655
7.28
2.87
1.94
163.125
1.97
2.725
1.57
1.365
1.215
20.515
99.575
2.24
1.01
1.865
2.66
5.945
1.46
1.475
1.105
2.08
2.94
3.69
0.395
0.67
0.585
209.375
3756.35
0.63
1.425
18.285
8.16
1.58
2.58
31.47
1.41
2.855
1.755
1.725
0.06
0.05
1.94
4.34
2.15
5.49
1.46
0.38
51.475
1.125
28.235
4.38
4.46
2.745
34.695
0.73
0.165
3.365
0.115
0.535
3.35
37.785
61.385
466.14
1.39
1.485
3.2
0.49
7.405
1.72
0.695
2.83
2.845
2.24
4.12
93.705
23.425
313.51
3.465
6.57
2.6
2.425
1.495
